lives = 3
65 34 0 1
65 34 0 1
65 34 0 1
65 34 0 1
65 34 0 1
65 34 0 1
65 34 0 1
65 34 0 1
65 34 0 1
65 34 0 1
65 34 0 1
65 34 0 1
65 34 0 1
65 35 0 1
65 36 0 1
before coll = 65 36 65 37 65 37
OFFSET = 0
after coll = 65 36.5 65 36.0 65 37
65 36.0 0 -1
65 35.0 0 -1
65 34.0 0 -1
65 33.0 0 -1
65 32.0 0 -1
65 31.0 0 -1
65 30.0 0 -1
65 29.0 0 -1
65 28.0 0 -1
65 27.0 0 -1
65 26.0 0 -1
65 25.0 0 -1
65 24.0 0 -1
65 23.0 0 -1
65 22.0 0 -1
65 21.0 0 -1
65 20.0 0 -1
65 19.0 0 -1
65 19.0 0 1
65 20.0 0 1
65 21.0 0 1
65 22.0 0 1
65 23.0 0 1
65 24.0 0 1
65 25.0 0 1
65 26.0 0 1
65 27.0 0 1
65 28.0 0 1
65 29.0 0 1
65 30.0 0 1
65 31.0 0 1
65 32.0 0 1
65 33.0 0 1
65 34.0 0 1
65 35.0 0 1
65 36.0 0 1
before coll = 65 36.0 65 37.0 65 37
OFFSET = 0
after coll = 65 36.5 65 36.0 65 37
65 36.0 0 -1
65 35.0 0 -1
65 34.0 0 -1
65 33.0 0 -1
65 32.0 0 -1
65 31.0 0 -1
65 30.0 0 -1
65 29.0 0 -1
65 28.0 0 -1
65 27.0 0 -1
65 26.0 0 -1
65 25.0 0 -1
65 24.0 0 -1
65 23.0 0 -1
65 22.0 0 -1
65 21.0 0 -1
65 20.0 0 -1
65 19.0 0 -1
65 19.0 0 1
65 20.0 0 1
65 21.0 0 1
65 22.0 0 1
65 23.0 0 1
65 24.0 0 1
65 25.0 0 1
65 26.0 0 1
65 27.0 0 1
65 28.0 0 1
65 29.0 0 1
65 30.0 0 1
65 31.0 0 1
65 32.0 0 1
65 33.0 0 1
65 34.0 0 1
65 35.0 0 1
65 36.0 0 1
before coll = 65 36.0 65 37.0 65 37
OFFSET = 0
after coll = 65 36.5 65 36.0 65 37
65 36.0 0 -1
65 35.0 0 -1
65 34.0 0 -1
65 33.0 0 -1
65 32.0 0 -1
65 31.0 0 -1
65 30.0 0 -1
65 29.0 0 -1
65 28.0 0 -1
65 27.0 0 -1
65 26.0 0 -1
65 25.0 0 -1
65 24.0 0 -1
65 23.0 0 -1
65 22.0 0 -1
65 21.0 0 -1
65 20.0 0 -1
65 19.0 0 -1
65 19.0 0 1
65 20.0 0 1
65 21.0 0 1
65 22.0 0 1
65 23.0 0 1
65 24.0 0 1
65 25.0 0 1
65 26.0 0 1
65 27.0 0 1
65 28.0 0 1
65 29.0 0 1
65 30.0 0 1
65 31.0 0 1
65 32.0 0 1
65 33.0 0 1
65 34.0 0 1
65 35.0 0 1
65 36.0 0 1
before coll = 65 36.0 65 37.0 65 37
OFFSET = 0
after coll = 65 36.5 65 36.0 65 37
65 36.0 0 -1
65 35.0 0 -1
65 34.0 0 -1
65 33.0 0 -1
65 32.0 0 -1
65 31.0 0 -1
65 30.0 0 -1
65 29.0 0 -1
65 28.0 0 -1
65 27.0 0 -1
65 26.0 0 -1
65 25.0 0 -1
65 24.0 0 -1
65 23.0 0 -1
65 22.0 0 -1
65 21.0 0 -1
65 20.0 0 -1
65 19.0 0 -1
65 18.0 0 -1
65 18.0 0 1
65 19.0 0 1
65 20.0 0 1
65 21.0 0 1
65 22.0 0 1
65 23.0 0 1
65 24.0 0 1
65 25.0 0 1
65 26.0 0 1
65 27.0 0 1
65 28.0 0 1
65 29.0 0 1
65 30.0 0 1
65 31.0 0 1
65 32.0 0 1
65 33.0 0 1
65 34.0 0 1
65 35.0 0 1
65 36.0 0 1
before coll = 65 36.0 65 37.0 65 37
OFFSET = 0
after coll = 65 36.5 65 36.0 65 37
65 36.0 0 -1
65 35.0 0 -1
65 34.0 0 -1
65 33.0 0 -1
65 32.0 0 -1
65 31.0 0 -1
65 30.0 0 -1
65 29.0 0 -1
65 28.0 0 -1
65 27.0 0 -1
65 26.0 0 -1
65 25.0 0 -1
65 24.0 0 -1
65 23.0 0 -1
65 22.0 0 -1
65 21.0 0 -1
65 20.0 0 -1
65 19.0 0 -1
65 18.0 0 -1
65 18.0 0 1
65 19.0 0 1
65 20.0 0 1
65 21.0 0 1
65 22.0 0 1
65 23.0 0 1
65 24.0 0 1
65 25.0 0 1
65 26.0 0 1
65 27.0 0 1
65 28.0 0 1
65 29.0 0 1
65 30.0 0 1
65 31.0 0 1
65 32.0 0 1
65 33.0 0 1
65 34.0 0 1
65 35.0 0 1
65 36.0 0 1
before coll = 65 36.0 65 37.0 65 37
OFFSET = 0
after coll = 65 36.5 65 36.0 65 37
65 36.0 0 -1
65 35.0 0 -1
65 34.0 0 -1
65 33.0 0 -1
65 32.0 0 -1
65 31.0 0 -1
65 30.0 0 -1
65 29.0 0 -1
65 28.0 0 -1
65 27.0 0 -1
65 26.0 0 -1
65 25.0 0 -1
65 24.0 0 -1
65 23.0 0 -1
65 22.0 0 -1
65 21.0 0 -1
65 20.0 0 -1
65 19.0 0 -1
65 18.0 0 -1
65 17.0 0 -1
65 16.0 0 -1
65 15.0 0 -1
65 14.0 0 -1
65 13.0 0 -1
65 12.0 0 -1
65 11.0 0 -1
65 10.0 0 -1
65 9.0 0 -1
65 8.0 0 -1
65 7.0 0 -1
65 6.0 0 -1
65 5.0 0 -1
65 5.0 0 1
65 6.0 0 1
65 7.0 0 1
65 8.0 0 1
65 9.0 0 1
65 10.0 0 1
65 11.0 0 1
65 12.0 0 1
65 13.0 0 1
65 14.0 0 1
65 15.0 0 1
65 16.0 0 1
65 17.0 0 1
65 18.0 0 1
65 19.0 0 1
65 20.0 0 1
65 21.0 0 1
65 22.0 0 1
65 23.0 0 1
65 24.0 0 1
65 25.0 0 1
65 26.0 0 1
65 27.0 0 1
65 28.0 0 1
65 29.0 0 1
65 30.0 0 1
65 31.0 0 1
65 32.0 0 1
65 33.0 0 1
65 34.0 0 1
65 35.0 0 1
65 36.0 0 1
before coll = 65 36.0 65 37.0 65 37
OFFSET = 0
after coll = 65 36.5 65 36.0 65 37
65 36.0 0 -1
65 35.0 0 -1
65 34.0 0 -1
65 33.0 0 -1
65 32.0 0 -1
65 31.0 0 -1
65 30.0 0 -1
65 29.0 0 -1
65 28.0 0 -1
65 27.0 0 -1
65 26.0 0 -1
65 25.0 0 -1
65 24.0 0 -1
65 23.0 0 -1
65 22.0 0 -1
65 21.0 0 -1
65 20.0 0 -1
65 19.0 0 -1
65 18.0 0 -1
65 17.0 0 -1
65 16.0 0 -1
65 15.0 0 -1
65 14.0 0 -1
lives = 3
65 34 0 1
65 34 0 1
65 34 0 1
65 34 0 1
65 34 0 1
65 34 0 1
65 34 0 1
65 34 0 1
65 34 0 1
65 34 0 1
65 34 0 1
65 34 0 1
65 34 0 1
65 35 0 1
65 36 0 1
before coll = 65 36 65 37 65 37
OFFSET = 0
after coll = 65 36.5 65 36.0 65 37
65 36.0 0 -1
65 35.0 0 -1
65 34.0 0 -1
65 33.0 0 -1
65 32.0 0 -1
65 31.0 0 -1
65 30.0 0 -1
65 29.0 0 -1
65 28.0 0 -1
65 27.0 0 -1
65 26.0 0 -1
65 25.0 0 -1
65 24.0 0 -1
65 23.0 0 -1
65 22.0 0 -1
65 21.0 0 -1
65 20.0 0 -1
65 19.0 0 -1
65 19.0 0 1
65 20.0 0 1
65 21.0 0 1
65 22.0 0 1
65 23.0 0 1
65 24.0 0 1
65 25.0 0 1
65 26.0 0 1
65 27.0 0 1
65 28.0 0 1
65 29.0 0 1
65 30.0 0 1
65 31.0 0 1
65 32.0 0 1
65 33.0 0 1
65 34.0 0 1
65 35.0 0 1
65 36.0 0 1
before coll = 65 36.0 65 37.0 65 37
OFFSET = 0
after coll = 65 36.5 65 36.0 65 37
65 36.0 0 -1
65 35.0 0 -1
65 34.0 0 -1
65 33.0 0 -1
65 32.0 0 -1
65 31.0 0 -1
65 30.0 0 -1
65 29.0 0 -1
65 28.0 0 -1
65 27.0 0 -1
65 26.0 0 -1
65 25.0 0 -1
65 24.0 0 -1
65 23.0 0 -1
65 22.0 0 -1
65 21.0 0 -1
65 20.0 0 -1
65 19.0 0 -1
65 19.0 0 1
65 20.0 0 1
65 21.0 0 1
65 22.0 0 1
65 23.0 0 1
65 24.0 0 1
65 25.0 0 1
65 26.0 0 1
65 27.0 0 1
65 28.0 0 1
65 29.0 0 1
65 30.0 0 1
65 31.0 0 1
65 32.0 0 1
65 33.0 0 1
65 34.0 0 1
65 35.0 0 1
65 36.0 0 1
before coll = 65 36.0 65 37.0 65 37
OFFSET = 0
after coll = 65 36.5 65 36.0 65 37
65 36.0 0 -1
65 35.0 0 -1
65 34.0 0 -1
65 33.0 0 -1
65 32.0 0 -1
65 31.0 0 -1
65 30.0 0 -1
65 29.0 0 -1
65 28.0 0 -1
65 27.0 0 -1
65 26.0 0 -1
65 25.0 0 -1
65 24.0 0 -1
65 23.0 0 -1
65 22.0 0 -1
65 21.0 0 -1
65 20.0 0 -1
65 19.0 0 -1
65 19.0 0 1
65 20.0 0 1
65 21.0 0 1
65 22.0 0 1
65 23.0 0 1
65 24.0 0 1
65 25.0 0 1
65 26.0 0 1
65 27.0 0 1
65 28.0 0 1
65 29.0 0 1
65 30.0 0 1
65 31.0 0 1
65 32.0 0 1
65 33.0 0 1
65 34.0 0 1
65 35.0 0 1
65 36.0 0 1
before coll = 65 36.0 65 37.0 65 37
OFFSET = 0
after coll = 65 36.5 65 36.0 65 37
65 36.0 0 -1
65 35.0 0 -1
65 34.0 0 -1
65 33.0 0 -1
65 32.0 0 -1
65 31.0 0 -1
65 30.0 0 -1
65 29.0 0 -1
65 28.0 0 -1
65 27.0 0 -1
65 26.0 0 -1
65 25.0 0 -1
65 24.0 0 -1
65 23.0 0 -1
65 22.0 0 -1
65 21.0 0 -1
65 20.0 0 -1
65 19.0 0 -1
65 18.0 0 -1
65 18.0 0 1
65 19.0 0 1
65 20.0 0 1
65 21.0 0 1
65 22.0 0 1
65 23.0 0 1
65 24.0 0 1
65 25.0 0 1
lives = 3
65 34 0 1
65 34 0 1
65 34 0 1
65 34 0 1
65 34 0 1
65 34 0 1
65 34 0 1
65 34 0 1
65 35 0 1
65 36 0 1
before coll = 65 36 65 37 65 37
OFFSET = 0
after coll = 65 36.5 65 36.0 65 37
65 36.0 0 -1
65 35.0 0 -1
65 34.0 0 -1
65 33.0 0 -1
65 32.0 0 -1
65 31.0 0 -1
65 30.0 0 -1
65 29.0 0 -1
65 28.0 0 -1
65 27.0 0 -1
65 26.0 0 -1
65 25.0 0 -1
65 24.0 0 -1
65 23.0 0 -1
65 22.0 0 -1
65 21.0 0 -1
65 20.0 0 -1
65 19.0 0 -1
65 19.0 0 1
65 20.0 0 1
65 21.0 0 1
65 22.0 0 1
65 23.0 0 1
65 24.0 0 1
65 25.0 0 1
65 26.0 0 1
65 27.0 0 1
65 28.0 0 1
65 29.0 0 1
65 30.0 0 1
65 31.0 0 1
65 32.0 0 1
65 33.0 0 1
65 34.0 0 1
65 35.0 0 1
65 36.0 0 1
before coll = 65 36.0 65 37.0 65 37
OFFSET = 0
after coll = 65 36.5 65 36.0 65 37
65 36.0 0 -1
65 35.0 0 -1
65 34.0 0 -1
65 33.0 0 -1
65 32.0 0 -1
65 31.0 0 -1
65 30.0 0 -1
65 29.0 0 -1
65 28.0 0 -1
65 27.0 0 -1
65 26.0 0 -1
65 25.0 0 -1
65 24.0 0 -1
65 23.0 0 -1
65 22.0 0 -1
65 21.0 0 -1
65 20.0 0 -1
65 19.0 0 -1
65 18.0 0 -1
65 18.0 0 1
65 19.0 0 1
65 20.0 0 1
65 21.0 0 1
65 22.0 0 1
65 23.0 0 1
65 24.0 0 1
65 25.0 0 1
65 26.0 0 1
65 27.0 0 1
65 28.0 0 1
65 29.0 0 1
65 30.0 0 1
65 31.0 0 1
65 32.0 0 1
65 33.0 0 1
65 34.0 0 1
65 35.0 0 1
65 36.0 0 1
before coll = 65 36.0 65 37.0 65 37
OFFSET = 0
after coll = 65 36.5 65 36.0 65 37
65 36.0 0 -1
65 35.0 0 -1
65 34.0 0 -1
65 33.0 0 -1
65 32.0 0 -1
65 31.0 0 -1
65 30.0 0 -1
65 29.0 0 -1
65 28.0 0 -1
65 27.0 0 -1
65 26.0 0 -1
65 25.0 0 -1
65 24.0 0 -1
65 23.0 0 -1
65 22.0 0 -1
65 21.0 0 -1
65 20.0 0 -1
65 19.0 0 -1
65 18.0 0 -1
65 18.0 0 1
65 19.0 0 1
65 20.0 0 1
65 21.0 0 1
65 22.0 0 1
65 23.0 0 1
65 24.0 0 1
65 25.0 0 1
65 26.0 0 1
65 27.0 0 1
65 28.0 0 1
65 29.0 0 1
65 30.0 0 1
65 31.0 0 1
65 32.0 0 1
65 33.0 0 1
65 34.0 0 1
65 35.0 0 1
65 36.0 0 1
before coll = 65 36.0 65 37.0 65 37
OFFSET = 0
after coll = 65 36.5 65 36.0 65 37
65 36.0 0 -1
65 35.0 0 -1
65 34.0 0 -1
65 33.0 0 -1
65 32.0 0 -1
65 31.0 0 -1
65 30.0 0 -1
65 29.0 0 -1
65 28.0 0 -1
65 27.0 0 -1
65 26.0 0 -1
65 25.0 0 -1
65 24.0 0 -1
65 23.0 0 -1
65 22.0 0 -1
65 21.0 0 -1
65 20.0 0 -1
65 19.0 0 -1
65 18.0 0 -1
65 17.0 0 -1
65 16.0 0 -1
65 15.0 0 -1
65 14.0 0 -1
65 13.0 0 -1
65 12.0 0 -1
65 11.0 0 -1
65 10.0 0 -1
65 9.0 0 -1
65 8.0 0 -1
65 7.0 0 -1
65 6.0 0 -1
65 5.0 0 -1
65 5.0 0 1
65 6.0 0 1
65 7.0 0 1
65 8.0 0 1
65 9.0 0 1
65 10.0 0 1
65 11.0 0 1
65 12.0 0 1
65 13.0 0 1
65 14.0 0 1
65 15.0 0 1
65 16.0 0 1
65 17.0 0 1
65 18.0 0 1
65 19.0 0 1
65 20.0 0 1
65 21.0 0 1
65 22.0 0 1
65 23.0 0 1
65 24.0 0 1
65 25.0 0 1
65 26.0 0 1
65 27.0 0 1
65 28.0 0 1
65 29.0 0 1
65 30.0 0 1
65 31.0 0 1
65 32.0 0 1
65 33.0 0 1
65 34.0 0 1
65 35.0 0 1
65 36.0 0 1
before coll = 65 36.0 65 37.0 65 37
OFFSET = 0
after coll = 65 36.5 65 36.0 65 37
65 36.0 0 -1
65 35.0 0 -1
65 34.0 0 -1
65 33.0 0 -1
65 32.0 0 -1
65 31.0 0 -1
lives = 3
65 34 0 1
65 34 0 1
65 34 0 1
65 34 0 1
65 34 0 1
65 34 0 1
65 34 0 1
65 34 0 1
65 34 0 1
65 34 0 1
65 35 0 1
65 36 0 1
before coll = 65 36 65 37 65 37
OFFSET = 0
after coll = 65 36.5 65 36.0 65 37
65 36.0 0 -1
65 35.0 0 -1
65 34.0 0 -1
65 33.0 0 -1
65 32.0 0 -1
65 31.0 0 -1
65 30.0 0 -1
65 29.0 0 -1
65 28.0 0 -1
65 27.0 0 -1
65 26.0 0 -1
65 25.0 0 -1
65 24.0 0 -1
65 23.0 0 -1
65 22.0 0 -1
65 21.0 0 -1
65 20.0 0 -1
65 19.0 0 -1
65 19.0 0 1
65 20.0 0 1
65 21.0 0 1
65 22.0 0 1
65 23.0 0 1
65 24.0 0 1
65 25.0 0 1
65 26.0 0 1
65 27.0 0 1
65 28.0 0 1
65 29.0 0 1
65 30.0 0 1
65 31.0 0 1
65 32.0 0 1
65 33.0 0 1
65 34.0 0 1
65 35.0 0 1
65 36.0 0 1
before coll = 65 36.0 65 37.0 65 37
OFFSET = 0
after coll = 65 36.5 65 36.0 65 37
65 36.0 0 -1
65 35.0 0 -1
65 34.0 0 -1
65 33.0 0 -1
65 32.0 0 -1
65 31.0 0 -1
65 30.0 0 -1
65 29.0 0 -1
65 28.0 0 -1
65 27.0 0 -1
65 26.0 0 -1
65 25.0 0 -1
65 24.0 0 -1
65 23.0 0 -1
65 22.0 0 -1
65 21.0 0 -1
65 20.0 0 -1
65 19.0 0 -1
65 18.0 0 -1
65 18.0 0 1
65 19.0 0 1
65 20.0 0 1
65 21.0 0 1
65 22.0 0 1
65 23.0 0 1
65 24.0 0 1
65 25.0 0 1
65 26.0 0 1
65 27.0 0 1
65 28.0 0 1
65 29.0 0 1
65 30.0 0 1
65 31.0 0 1
65 32.0 0 1
65 33.0 0 1
65 34.0 0 1
65 35.0 0 1
65 36.0 0 1
before coll = 65 36.0 65 37.0 65 37
OFFSET = 0
after coll = 65 36.5 65 36.0 65 37
65 36.0 0 -1
65 35.0 0 -1
65 34.0 0 -1
65 33.0 0 -1
65 32.0 0 -1
65 31.0 0 -1
65 30.0 0 -1
65 29.0 0 -1
65 28.0 0 -1
65 27.0 0 -1
65 26.0 0 -1
65 25.0 0 -1
65 24.0 0 -1
65 23.0 0 -1
65 22.0 0 -1
65 21.0 0 -1
65 20.0 0 -1
65 19.0 0 -1
65 18.0 0 -1
65 18.0 0 1
65 19.0 0 1
65 20.0 0 1
65 21.0 0 1
65 22.0 0 1
65 23.0 0 1
65 24.0 0 1
65 25.0 0 1
65 26.0 0 1
65 27.0 0 1
65 28.0 0 1
65 29.0 0 1
65 30.0 0 1
65 31.0 0 1
65 32.0 0 1
65 33.0 0 1
65 34.0 0 1
65 35.0 0 1
65 36.0 0 1
before coll = 65 36.0 65 37.0 65 37
OFFSET = 0
after coll = 65 36.5 65 36.0 65 37
65 36.0 0 -1
65 35.0 0 -1
65 34.0 0 -1
65 33.0 0 -1
65 32.0 0 -1
65 31.0 0 -1
65 30.0 0 -1
65 29.0 0 -1
65 28.0 0 -1
65 27.0 0 -1
65 26.0 0 -1
65 25.0 0 -1
65 24.0 0 -1
65 23.0 0 -1
65 22.0 0 -1
65 21.0 0 -1
65 20.0 0 -1
65 19.0 0 -1
65 18.0 0 -1
65 17.0 0 -1
65 16.0 0 -1
65 15.0 0 -1
65 14.0 0 -1
65 13.0 0 -1
65 12.0 0 -1
65 11.0 0 -1
65 10.0 0 -1
65 9.0 0 -1
65 8.0 0 -1
65 7.0 0 -1
65 6.0 0 -1
65 5.0 0 -1
65 5.0 0 1
65 6.0 0 1
65 7.0 0 1
65 8.0 0 1
65 9.0 0 1
65 10.0 0 1
65 11.0 0 1
65 12.0 0 1
65 13.0 0 1
65 14.0 0 1
65 15.0 0 1
65 16.0 0 1
65 17.0 0 1
65 18.0 0 1
65 19.0 0 1
65 20.0 0 1
65 21.0 0 1
65 22.0 0 1
65 23.0 0 1
65 24.0 0 1
65 25.0 0 1
65 26.0 0 1
65 27.0 0 1
65 28.0 0 1
65 29.0 0 1
65 30.0 0 1
65 31.0 0 1
65 32.0 0 1
65 33.0 0 1
65 34.0 0 1
65 35.0 0 1
65 36.0 0 1
before coll = 65 36.0 65 37.0 65 37
OFFSET = 0
after coll = 65 36.5 65 36.0 65 37
65 36.0 0 -1
65 35.0 0 -1
65 34.0 0 -1
65 33.0 0 -1
65 32.0 0 -1
65 31.0 0 -1
65 30.0 0 -1
65 29.0 0 -1
65 28.0 0 -1
65 27.0 0 -1
65 26.0 0 -1
65 25.0 0 -1
65 24.0 0 -1
65 23.0 0 -1
65 22.0 0 -1
65 21.0 0 -1
65 20.0 0 -1
65 19.0 0 -1
65 18.0 0 -1
65 17.0 0 -1
65 16.0 0 -1
65 15.0 0 -1
65 14.0 0 -1
65 13.0 0 -1
65 12.0 0 -1
65 11.0 0 -1
65 10.0 0 -1
65 9.0 0 -1
65 8.0 0 -1
65 7.0 0 -1
65 6.0 0 -1
65 5.0 0 -1
65 5.0 0 1
65 6.0 0 1
65 7.0 0 1
65 8.0 0 1
65 9.0 0 1
65 10.0 0 1
65 11.0 0 1
65 12.0 0 1
65 13.0 0 1
65 14.0 0 1
65 15.0 0 1
65 16.0 0 1
65 17.0 0 1
65 18.0 0 1
65 19.0 0 1
65 20.0 0 1
65 21.0 0 1
65 22.0 0 1
65 23.0 0 1
65 24.0 0 1
65 25.0 0 1
65 26.0 0 1
65 27.0 0 1
65 28.0 0 1
65 29.0 0 1
65 30.0 0 1
65 31.0 0 1
65 32.0 0 1
65 33.0 0 1
65 34.0 0 1
65 35.0 0 1
65 36.0 0 1
before coll = 65 36.0 65 37.0 65 37
OFFSET = 0
after coll = 65 36.5 65 36.0 65 37
65 36.0 0 -1
65 35.0 0 -1
65 34.0 0 -1
65 33.0 0 -1
65 32.0 0 -1
lives = 3
65 34 0 1
65 34 0 1
65 34 0 1
65 35 0 1
65 36 0 1
before coll = 65 36 65 37 65 37
OFFSET = 0
after coll = 65 36.5 65 36.0 65 37
65 36.0 0 -1
65 35.0 0 -1
65 34.0 0 -1
65 33.0 0 -1
65 32.0 0 -1
65 31.0 0 -1
65 30.0 0 -1
65 29.0 0 -1
65 28.0 0 -1
65 27.0 0 -1
65 26.0 0 -1
65 25.0 0 -1
65 24.0 0 -1
65 23.0 0 -1
65 22.0 0 -1
65 21.0 0 -1
65 20.0 0 -1
65 19.0 0 -1
65 19.0 0 1
65 20.0 0 1
65 21.0 0 1
65 22.0 0 1
65 23.0 0 1
65 24.0 0 1
65 25.0 0 1
65 26.0 0 1
65 27.0 0 1
65 28.0 0 1
65 29.0 0 1
65 30.0 0 1
65 31.0 0 1
65 32.0 0 1
65 33.0 0 1
65 34.0 0 1
65 35.0 0 1
65 36.0 0 1
before coll = 65 36.0 65 37.0 65 37
OFFSET = 0
after coll = 65 36.5 65 36.0 65 37
65 36.0 0 -1
65 35.0 0 -1
65 34.0 0 -1
65 33.0 0 -1
65 32.0 0 -1
65 31.0 0 -1
65 30.0 0 -1
65 29.0 0 -1
65 28.0 0 -1
65 27.0 0 -1
65 26.0 0 -1
65 25.0 0 -1
65 24.0 0 -1
65 23.0 0 -1
65 22.0 0 -1
65 21.0 0 -1
65 20.0 0 -1
65 19.0 0 -1
65 18.0 0 -1
65 18.0 0 1
65.0 19.0 -1 1
64 19.0 -1 1
64.0 20.0 -1 1
63 20.0 -1 1
63.0 21.0 -1 1
62 21.0 -1 1
62.0 22.0 -1 1
61 22.0 -1 1
61.0 23.0 -1 1
60 23.0 -1 1
60.0 24.0 -1 1
59 24.0 -1 1
59.0 25.0 -1 1
58 25.0 -1 1
58.0 26.0 -1 1
57 26.0 -1 1
57.0 27.0 -1 1
56 27.0 -1 1
56.0 28.0 -1 1
55 28.0 -1 1
55.0 29.0 -1 1
54 29.0 -1 1
54.0 30.0 -1 1
53 30.0 -1 1
53.0 31.0 -1 1
52 31.0 -1 1
52.0 32.0 -1 1
51 32.0 -1 1
51.0 33.0 -1 1
50 33.0 -1 1
50.0 34.0 -1 1
49 34.0 -1 1
49.0 35.0 -1 1
48 35.0 -1 1
48.0 36.0 -1 1
47 36.0 -1 1
before coll = 48.0 36.0 47.0 37.0 46 37
OFFSET = 1.0
after coll = 47.0 36.5 47.0 36.0 46 37
47.0 36.0 0.0 -1
before coll = 47 36.0 46 37.0 46 37
OFFSET = 0.0
after coll = 46.0 36.5 46 36.0 46 37
46 36.0 -1.0 -1
47.0 35.0 0.0 -1
45.0 35.0 -1.0 -1
47.0 34.0 0.0 -1
44.0 34.0 -1.0 -1
47.0 33.0 0.0 -1
43.0 33.0 -1.0 -1
47.0 32.0 0.0 -1
42.0 32.0 -1.0 -1
47.0 31.0 0.0 -1
41.0 31.0 -1.0 -1
47.0 30.0 0.0 -1
40.0 30.0 -1.0 -1
47.0 29.0 0.0 -1
39.0 29.0 -1.0 -1
47.0 28.0 0.0 -1
38.0 28.0 -1.0 -1
47.0 27.0 0.0 -1
37.0 27.0 -1.0 -1
47.0 26.0 0.0 -1
36.0 26.0 -1.0 -1
47.0 25.0 0.0 -1
35.0 25.0 -1.0 -1
47.0 24.0 0.0 -1
34.0 24.0 -1.0 -1
47.0 23.0 0.0 -1
33.0 23.0 -1.0 -1
47.0 22.0 0.0 -1
32.0 22.0 -1.0 -1
47.0 21.0 0.0 -1
31.0 21.0 -1.0 -1
47.0 20.0 0.0 -1
30.0 20.0 -1.0 -1
47.0 19.0 0.0 -1
29.0 19.0 -1.0 -1
47.0 19.0 0.0 1
28.0 19.0 -1.0 1
47.0 20.0 0.0 1
27.0 20.0 -1.0 1
48.0 21.0 1.0 1
46.0 21.0 -1.0 1
27.0 21.0 0.0 1
25.0 21.0 -2.0 1
49.0 22.0 1.0 1
45.0 22.0 -1.0 1
27.0 22.0 0.0 1
23.0 22.0 -2.0 1
50.0 23.0 1.0 1
44.0 23.0 -1.0 1
27.0 23.0 0.0 1
21.0 23.0 -2.0 1
51.0 24.0 1.0 1
43.0 24.0 -1.0 1
27.0 24.0 0.0 1
19.0 24.0 -2.0 1
52.0 25.0 1.0 1
42.0 25.0 -1.0 1
27.0 25.0 0.0 1
17.0 25.0 -2.0 1
53.0 26.0 1.0 1
41.0 26.0 -1.0 1
27.0 26.0 0.0 1
15.0 26.0 -2.0 1
54.0 27.0 1.0 1
40.0 27.0 -1.0 1
27.0 27.0 0.0 1
13.0 27.0 -2.0 1
55.0 28.0 1.0 1
39.0 28.0 -1.0 1
27.0 28.0 0.0 1
11.0 28.0 -2.0 1
56.0 29.0 1.0 1
38.0 29.0 -1.0 1
27.0 29.0 0.0 1
9.0 29.0 -2.0 1
57.0 30.0 1.0 1
37.0 30.0 -1.0 1
27.0 30.0 0.0 1
7.0 30.0 -2.0 1
58.0 31.0 1.0 1
36.0 31.0 -1.0 1
27.0 31.0 0.0 1
5.0 31.0 -2.0 1
59.0 32.0 1.0 1
35.0 32.0 -1.0 1
27.0 32.0 0.0 1
3.0 32.0 -2.0 1
60.0 33.0 1.0 1
34.0 33.0 -1.0 1
27.0 33.0 0.0 1
1.0 33.0 -2.0 1
61.0 34.0 1.0 1
33.0 34.0 -1.0 1
27.0 34.0 0.0 1
2.0 34.0 2.0 1
62.0 35.0 1.0 1
32.0 35.0 -1.0 1
27.0 35.0 0.0 1
4.0 35.0 2.0 1
63.0 36.0 1.0 1
31.0 36.0 -1.0 1
27.0 36.0 0.0 1
6.0 36.0 2.0 1
64.0 37.0 1.0 1
before coll = 31.0 36.0 30.0 37.0 32 37
OFFSET = -2.0
after coll = 30.0 36.5 30.0 36.0 32 37
30.0 36.0 -3.0 -1
27.0 37.0 0.0 1
8.0 37.0 2.0 1
65.0 38.0 1.0 1
27.0 35.0 -3.0 -1
27.0 38.0 0.0 1
10.0 38.0 2.0 1
66.0 39.0 1.0 1
27.0 39.0 0.0 1
24.0 34.0 -3.0 -1
12.0 39.0 2.0 1
21.0 33.0 -3.0 -1
18.0 32.0 -3.0 -1
15.0 31.0 -3.0 -1
12.0 30.0 -3.0 -1
9.0 29.0 -3.0 -1
6.0 28.0 -3.0 -1
3.0 27.0 -3.0 -1
1.0 26.0 3.0 -1
4.0 25.0 3.0 -1
7.0 24.0 3.0 -1
10.0 23.0 3.0 -1
13.0 22.0 3.0 -1
16.0 21.0 3.0 -1
19.0 20.0 3.0 -1
22.0 19.0 3.0 -1
25.0 19.0 3.0 1
29.0 20.0 4.0 1
27.0 20.0 2.0 1
33.0 21.0 4.0 1
29.0 21.0 2.0 1
37.0 22.0 4.0 1
31.0 22.0 2.0 1
41.0 23.0 4.0 1
33.0 23.0 2.0 1
45.0 24.0 4.0 1
35.0 24.0 2.0 1
49.0 25.0 4.0 1
37.0 25.0 2.0 1
53.0 26.0 4.0 1
39.0 26.0 2.0 1
57.0 27.0 4.0 1
41.0 27.0 2.0 1
61.0 28.0 4.0 1
43.0 28.0 2.0 1
65.0 29.0 4.0 1
45.0 29.0 2.0 1
69.0 30.0 4.0 1
47.0 30.0 2.0 1
73.0 31.0 4.0 1
49.0 31.0 2.0 1
77.0 32.0 4.0 1
51.0 32.0 2.0 1
81.0 33.0 4.0 1
53.0 33.0 2.0 1
85.0 34.0 4.0 1
55.0 34.0 2.0 1
89.0 35.0 4.0 1
57.0 35.0 2.0 1
93.0 36.0 4.0 1
59.0 36.0 2.0 1
97.0 37.0 4.0 1
before coll = 59.0 36.0 61.0 37.0 58 37
OFFSET = 3.0
after coll = 61.0 36.5 61.0 36.0 58 37
61.0 36.0 5.0 -1
101.0 38.0 4.0 1
66.0 35.0 5.0 -1
105.0 39.0 4.0 1
71.0 34.0 5.0 -1
76.0 33.0 5.0 -1
81.0 32.0 5.0 -1
86.0 31.0 5.0 -1
91.0 30.0 5.0 -1
96.0 29.0 5.0 -1
101.0 28.0 5.0 -1
106.0 27.0 5.0 -1
111.0 26.0 5.0 -1
116.0 25.0 5.0 -1
121.0 24.0 5.0 -1
126.0 23.0 5.0 -1
126.0 22.0 -5.0 -1
121.0 21.0 -5.0 -1
116.0 20.0 -5.0 -1
111.0 19.0 -5.0 -1
106.0 19.0 -5.0 1
101.0 20.0 -5.0 1
96.0 21.0 -5.0 1
91.0 22.0 -5.0 1
86.0 23.0 -5.0 1
81.0 24.0 -5.0 1
76.0 25.0 -5.0 1
71.0 26.0 -5.0 1
66.0 27.0 -5.0 1
61.0 28.0 -5.0 1
56.0 29.0 -5.0 1
51.0 30.0 -5.0 1
46.0 31.0 -5.0 1
41.0 32.0 -5.0 1
36.0 33.0 -5.0 1
31.0 34.0 -5.0 1
26.0 35.0 -5.0 1
21.0 36.0 -5.0 1
16.0 37.0 -5.0 1
11.0 38.0 -5.0 1
6.0 39.0 -5.0 1
lives = 2
62 34 0 1
62 34 0 1
62 34 0 1
62 34 0 1
62 34 0 1
62 34 0 1
62 34 0 1
62 34 0 1
62 34 0 1
62 34 0 1
62 34 0 1
62 34 0 1
62 34 0 1
62 34 0 1
62 34 0 1
62 34 0 1
62 34 0 1
62 34 0 1
62 34 0 1
62 34 0 1
62 34 0 1
62 34 0 1
62 34 0 1
62 34 0 1
62 34 0 1
62 34 0 1
62 34 0 1
62 34 0 1
62 34 0 1
62 34 0 1
62 34 0 1
62 34 0 1
62 34 0 1
62 34 0 1
62 34 0 1
62 34 0 1
62 34 0 1
62 34 0 1
62 34 0 1
62 35 0 1
62 36 0 1
before coll = 62 36 62 37 62 37
OFFSET = 0
after coll = 62 36.5 62 36.0 62 37
62 36.0 0 -1
62 35.0 0 -1
62 34.0 0 -1
62 33.0 0 -1
62 32.0 0 -1
62 31.0 0 -1
62 30.0 0 -1
62 29.0 0 -1
62 28.0 0 -1
62 27.0 0 -1
62 26.0 0 -1
62 25.0 0 -1
62 24.0 0 -1
62 23.0 0 -1
62 22.0 0 -1
62 21.0 0 -1
62 20.0 0 -1
62 19.0 0 -1
62 18.0 0 -1
62 18.0 0 1
62 19.0 0 1
62 20.0 0 1
62 21.0 0 1
62 22.0 0 1
62 23.0 0 1
62 24.0 0 1
62 25.0 0 1
62 26.0 0 1
62 27.0 0 1
62 28.0 0 1
62 29.0 0 1
62 30.0 0 1
62 31.0 0 1
62 32.0 0 1
62 33.0 0 1
62 34.0 0 1
62 35.0 0 1
62 36.0 0 1
before coll = 62 36.0 62 37.0 62 37
OFFSET = 0
after coll = 62 36.5 62 36.0 62 37
62 36.0 0 -1
62 35.0 0 -1
62 34.0 0 -1
62 33.0 0 -1
62 32.0 0 -1
62 31.0 0 -1
62 30.0 0 -1
62 29.0 0 -1
62 28.0 0 -1
62 27.0 0 -1
62 26.0 0 -1
62 25.0 0 -1
62 24.0 0 -1
62 23.0 0 -1
62 22.0 0 -1
62 21.0 0 -1
62 20.0 0 -1
62 19.0 0 -1
62 18.0 0 -1
62 17.0 0 -1
62 16.0 0 -1
63 15.0 1 -1
61 15.0 -1 -1
64 14.0 1 -1
60 14.0 -1 -1
65 13.0 1 -1
59 13.0 -1 -1
66 12.0 1 -1
58 12.0 -1 -1
67 11.0 1 -1
57 11.0 -1 -1
68 10.0 1 -1
56 10.0 -1 -1
69 9.0 1 -1
55 9.0 -1 -1
70 8.0 1 -1
54 8.0 -1 -1
71 7.0 1 -1
53 7.0 -1 -1
72 6.0 1 -1
52 6.0 -1 -1
73 5.0 1 -1
51 5.0 -1 -1
74 5.0 1 1
50 5.0 -1 1
75 6.0 1 1
49 6.0 -1 1
76 7.0 1 1
48 7.0 -1 1
77 8.0 1 1
47 8.0 -1 1
78 9.0 1 1
46 9.0 -1 1
79 10.0 1 1
45 10.0 -1 1
80 11.0 1 1
44 11.0 -1 1
81 12.0 1 1
43 12.0 -1 1
82 13.0 1 1
42 13.0 -1 1
83 14.0 1 1
41 14.0 -1 1
84 15.0 1 1
40 15.0 -1 1
85 16.0 1 1
39 16.0 -1 1
86 16.0 1 -1
38 16.0 -1 -1
87 15.0 1 -1
37 15.0 -1 -1
88 14.0 1 -1
36 14.0 -1 -1
89 13.0 1 -1
35 13.0 -1 -1
90 12.0 1 -1
34 12.0 -1 -1
91 11.0 1 -1
33 11.0 -1 -1
92 10.0 1 -1
32 10.0 -1 -1
93 9.0 1 -1
31 9.0 -1 -1
94 8.0 1 -1
30 8.0 -1 -1
95 7.0 1 -1
29 7.0 -1 -1
96 6.0 1 -1
28 6.0 -1 -1
97 5.0 1 -1
27 5.0 -1 -1
98 5.0 1 1
26 5.0 -1 1
99 6.0 1 1
25 6.0 -1 1
100 7.0 1 1
24 7.0 -1 1
101 8.0 1 1
23 8.0 -1 1
102 9.0 1 1
22 9.0 -1 1
103 10.0 1 1
21 10.0 -1 1
104 11.0 1 1
20 11.0 -1 1
105 12.0 1 1
19 12.0 -1 1
106 13.0 1 1
18 13.0 -1 1
107 14.0 1 1
17 14.0 -1 1
108 15.0 1 1
16 15.0 -1 1
109 16.0 1 1
15 16.0 -1 1
110 16.0 1 -1
14 16.0 -1 -1
111 15.0 1 -1
13 15.0 -1 -1
112 14.0 1 -1
12 14.0 -1 -1
113 13.0 1 -1
11 13.0 -1 -1
114 12.0 1 -1
10 12.0 -1 -1
115 11.0 1 -1
9 11.0 -1 -1
116 10.0 1 -1
8 10.0 -1 -1
117 9.0 1 -1
7 9.0 -1 -1
118 8.0 1 -1
6 8.0 -1 -1
119 7.0 1 -1
5 7.0 -1 -1
120 6.0 1 -1
4 6.0 -1 -1
121 5.0 1 -1
3 5.0 -1 -1
122 5.0 1 1
2 5.0 -1 1
123 6.0 1 1
1 6.0 -1 1
124 7.0 1 1
1.0 7.0 1 1
125 8.0 1 1
2.0 8.0 1 1
126 9.0 1 1
3.0 9.0 1 1
127 10.0 1 1
4.0 10.0 1 1
128 11.0 1 1
5.0 11.0 1 1
128.0 12.0 -1 1
6.0 12.0 1 1
127.0 13.0 -1 1
7.0 13.0 1 1
126.0 14.0 -1 1
8.0 14.0 1 1
125.0 15.0 -1 1
9.0 15.0 1 1
124.0 16.0 -1 1
10.0 16.0 1 1
123.0 17.0 -1 1
11.0 16.0 1 -1
122.0 18.0 -1 1
12.0 15.0 1 -1
121.0 19.0 -1 1
13.0 14.0 1 -1
120.0 20.0 -1 1
14.0 13.0 1 -1
119.0 21.0 -1 1
15.0 12.0 1 -1
118.0 22.0 -1 1
16.0 11.0 1 -1
117.0 23.0 -1 1
17.0 10.0 1 -1
116.0 24.0 -1 1
18.0 9.0 1 -1
115.0 25.0 -1 1
19.0 8.0 1 -1
114.0 26.0 -1 1
20.0 7.0 1 -1
113.0 27.0 -1 1
21.0 6.0 1 -1
112.0 28.0 -1 1
22.0 5.0 1 -1
111.0 29.0 -1 1
23.0 5.0 1 1
110.0 30.0 -1 1
24.0 6.0 1 1
109.0 31.0 -1 1
25.0 7.0 1 1
108.0 32.0 -1 1
26.0 8.0 1 1
107.0 33.0 -1 1
27.0 9.0 1 1
106.0 34.0 -1 1
28.0 10.0 1 1
105.0 35.0 -1 1
29.0 11.0 1 1
104.0 36.0 -1 1
30.0 12.0 1 1
103.0 37.0 -1 1
31.0 13.0 1 1
102.0 38.0 -1 1
32.0 14.0 1 1
101.0 39.0 -1 1
33.0 15.0 1 1
34.0 16.0 1 1
35.0 16.0 1 -1
36.0 15.0 1 -1
37.0 14.0 1 -1
38.0 13.0 1 -1
39.0 12.0 1 -1
40.0 11.0 1 -1
41.0 10.0 1 -1
42.0 9.0 1 -1
43.0 8.0 1 -1
44.0 7.0 1 -1
45.0 6.0 1 -1
46.0 5.0 1 -1
47.0 5.0 1 1
48.0 6.0 1 1
49.0 7.0 1 1
50.0 8.0 1 1
51.0 9.0 1 1
52.0 10.0 1 1
53.0 11.0 1 1
54.0 12.0 1 1
55.0 13.0 1 1
56.0 14.0 1 1
57.0 15.0 1 1
58.0 16.0 1 1
59.0 16.0 1 -1
60.0 15.0 1 -1
61.0 14.0 1 -1
62.0 13.0 1 -1
63.0 12.0 1 -1
64.0 11.0 1 -1
65.0 10.0 1 -1
66.0 9.0 1 -1
67.0 8.0 1 -1
68.0 7.0 1 -1
69.0 6.0 1 -1
70.0 5.0 1 -1
71.0 5.0 1 1
72.0 6.0 1 1
73.0 7.0 1 1
74.0 8.0 1 1
75.0 9.0 1 1
76.0 10.0 1 1
77.0 11.0 1 1
78.0 12.0 1 1
79.0 13.0 1 1
80.0 14.0 1 1
81.0 15.0 1 1
82.0 16.0 1 1
83.0 16.0 1 -1
84.0 15.0 1 -1
85.0 14.0 1 -1
86.0 13.0 1 -1
87.0 12.0 1 -1
88.0 11.0 1 -1
89.0 10.0 1 -1
90.0 9.0 1 -1
91.0 8.0 1 -1
92.0 7.0 1 -1
93.0 6.0 1 -1
94.0 5.0 1 -1
95.0 5.0 1 1
96.0 6.0 1 1
97.0 7.0 1 1
98.0 8.0 1 1
99.0 9.0 1 1
100.0 10.0 1 1
101.0 11.0 1 1
102.0 12.0 1 1
103.0 13.0 1 1
104.0 14.0 1 1
105.0 15.0 1 1
106.0 16.0 1 1
107.0 16.0 1 -1
108.0 15.0 1 -1
109.0 14.0 1 -1
110.0 13.0 1 -1
111.0 12.0 1 -1
112.0 11.0 1 -1
113.0 10.0 1 -1
114.0 9.0 1 -1
115.0 8.0 1 -1
116.0 7.0 1 -1
117.0 6.0 1 -1
118.0 5.0 1 -1
119.0 5.0 1 1
120.0 6.0 1 1
121.0 7.0 1 1
122.0 8.0 1 1
124.0 9.0 2 1
122.0 9.0 0 1
126.0 10.0 2 1
122.0 10.0 0 1
128.0 11.0 2 1
122.0 11.0 0 1
127.0 12.0 -2 1
122.0 12.0 0 1
125.0 13.0 -2 1
122.0 13.0 0 1
123.0 14.0 -2 1
122.0 14.0 0 1
121.0 15.0 -2 1
122.0 15.0 0 1
119.0 16.0 -2 1
122.0 16.0 0 1
117.0 16.0 -2 -1
122.0 17.0 0 1
115.0 15.0 -2 -1
122.0 18.0 0 1
113.0 14.0 -2 -1
122.0 19.0 0 1
111.0 13.0 -2 -1
122.0 20.0 0 1
109.0 12.0 -2 -1
122.0 21.0 0 1
107.0 11.0 -2 -1
122.0 22.0 0 1
105.0 10.0 -2 -1
122.0 23.0 0 1
103.0 9.0 -2 -1
122.0 24.0 0 1
101.0 8.0 -2 -1
122.0 25.0 0 1
99.0 7.0 -2 -1
122.0 26.0 0 1
97.0 6.0 -2 -1
122.0 27.0 0 1
95.0 5.0 -2 -1
122.0 28.0 0 1
93.0 5.0 -2 1
122.0 29.0 0 1
91.0 6.0 -2 1
122.0 30.0 0 1
89.0 7.0 -2 1
122.0 31.0 0 1
87.0 8.0 -2 1
122.0 32.0 0 1
85.0 9.0 -2 1
122.0 33.0 0 1
83.0 10.0 -2 1
122.0 34.0 0 1
81.0 11.0 -2 1
122.0 35.0 0 1
79.0 12.0 -2 1
122.0 36.0 0 1
77.0 13.0 -2 1
before coll = 122.0 36.0 122.0 37.0 121 37
OFFSET = 1.0
after coll = 122.0 36.5 122.0 36.0 121 37
122.0 36.0 1.0 -1
75.0 14.0 -2 1
123.0 35.0 1.0 -1
73.0 15.0 -2 1
124.0 34.0 1.0 -1
71.0 16.0 -2 1
125.0 33.0 1.0 -1
69.0 16.0 -2 -1
126.0 32.0 1.0 -1
67.0 15.0 -2 -1
127.0 31.0 1.0 -1
65.0 14.0 -2 -1
128.0 30.0 1.0 -1
63.0 13.0 -2 -1
128.0 29.0 -1.0 -1
61.0 12.0 -2 -1
127.0 28.0 -1.0 -1
59.0 11.0 -2 -1
126.0 27.0 -1.0 -1
57.0 10.0 -2 -1
125.0 26.0 -1.0 -1
55.0 9.0 -2 -1
124.0 25.0 -1.0 -1
53.0 8.0 -2 -1
123.0 24.0 -1.0 -1
51.0 7.0 -2 -1
122.0 23.0 -1.0 -1
49.0 6.0 -2 -1
121.0 22.0 -1.0 -1
47.0 5.0 -2 -1
120.0 21.0 -1.0 -1
45.0 5.0 -2 1
119.0 20.0 -1.0 -1
43.0 6.0 -2 1
118.0 19.0 -1.0 -1
41.0 7.0 -2 1
117.0 19.0 -1.0 1
39.0 8.0 -2 1
116.0 20.0 -1.0 1
37.0 9.0 -2 1
115.0 21.0 -1.0 1
35.0 10.0 -2 1
114.0 22.0 -1.0 1
33.0 11.0 -2 1
113.0 23.0 -1.0 1
31.0 12.0 -2 1
112.0 24.0 -1.0 1
29.0 13.0 -2 1
111.0 25.0 -1.0 1
27.0 14.0 -2 1
110.0 26.0 -1.0 1
25.0 15.0 -2 1
109.0 27.0 -1.0 1
23.0 16.0 -2 1
108.0 28.0 -1.0 1
21.0 16.0 -2 -1
107.0 29.0 -1.0 1
19.0 15.0 -2 -1
106.0 30.0 -1.0 1
17.0 14.0 -2 -1
105.0 31.0 -1.0 1
15.0 13.0 -2 -1
104.0 32.0 -1.0 1
13.0 12.0 -2 -1
103.0 33.0 -1.0 1
11.0 11.0 -2 -1
102.0 34.0 -1.0 1
9.0 10.0 -2 -1
101.0 35.0 -1.0 1
7.0 9.0 -2 -1
100.0 36.0 -1.0 1
5.0 8.0 -2 -1
before coll = 100.0 36.0 99.0 37.0 98 37
OFFSET = 1.0
after coll = 99.0 36.5 99.0 36.0 98 37
99.0 36.0 0.0 -1
3.0 7.0 -2 -1
99.0 35.0 0.0 -1
1.0 6.0 -2 -1
99.0 34.0 0.0 -1
2.0 5.0 2 -1
99.0 33.0 0.0 -1
4.0 5.0 2 1
99.0 32.0 0.0 -1
6.0 6.0 2 1
99.0 31.0 0.0 -1
8.0 7.0 2 1
99.0 30.0 0.0 -1
10.0 8.0 2 1
99.0 29.0 0.0 -1
12.0 9.0 2 1
99.0 28.0 0.0 -1
14.0 10.0 2 1
99.0 27.0 0.0 -1
16.0 11.0 2 1
99.0 26.0 0.0 -1
18.0 12.0 2 1
99.0 25.0 0.0 -1
20.0 13.0 2 1
99.0 24.0 0.0 -1
22.0 14.0 2 1
99.0 23.0 0.0 -1
24.0 15.0 2 1
99.0 22.0 0.0 -1
26.0 16.0 2 1
99.0 21.0 0.0 -1
28.0 16.0 2 -1
99.0 20.0 0.0 -1
30.0 15.0 2 -1
99.0 19.0 0.0 -1
32.0 14.0 2 -1
99.0 19.0 0.0 1
34.0 13.0 2 -1
99.0 20.0 0.0 1
37.0 12.0 3 -1
35.0 12.0 1 -1
100.0 21.0 1.0 1
98.0 21.0 -1.0 1
40.0 11.0 3 -1
36.0 11.0 1 -1
101.0 22.0 1.0 1
97.0 22.0 -1.0 1
43.0 10.0 3 -1
37.0 10.0 1 -1
102.0 23.0 1.0 1
96.0 23.0 -1.0 1
46.0 9.0 3 -1
38.0 9.0 1 -1
103.0 24.0 1.0 1
95.0 24.0 -1.0 1
49.0 8.0 3 -1
39.0 8.0 1 -1
104.0 25.0 1.0 1
94.0 25.0 -1.0 1
52.0 7.0 3 -1
40.0 7.0 1 -1
105.0 26.0 1.0 1
93.0 26.0 -1.0 1
55.0 6.0 3 -1
41.0 6.0 1 -1
106.0 27.0 1.0 1
92.0 27.0 -1.0 1
58.0 5.0 3 -1
42.0 5.0 1 -1
107.0 28.0 1.0 1
91.0 28.0 -1.0 1
61.0 5.0 3 1
43.0 5.0 1 1
108.0 29.0 1.0 1
90.0 29.0 -1.0 1
64.0 6.0 3 1
44.0 6.0 1 1
109.0 30.0 1.0 1
89.0 30.0 -1.0 1
67.0 7.0 3 1
45.0 7.0 1 1
110.0 31.0 1.0 1
88.0 31.0 -1.0 1
70.0 8.0 3 1
46.0 8.0 1 1
111.0 32.0 1.0 1
87.0 32.0 -1.0 1
73.0 9.0 3 1
47.0 9.0 1 1
112.0 33.0 1.0 1
86.0 33.0 -1.0 1
76.0 10.0 3 1
48.0 10.0 1 1
113.0 34.0 1.0 1
85.0 34.0 -1.0 1
79.0 11.0 3 1
49.0 11.0 1 1
114.0 35.0 1.0 1
84.0 35.0 -1.0 1
82.0 12.0 3 1
50.0 12.0 1 1
115.0 36.0 1.0 1
83.0 36.0 -1.0 1
85.0 13.0 3 1
51.0 13.0 1 1
116.0 37.0 1.0 1
before coll = 83.0 36.0 82.0 37.0 82 37
OFFSET = 0.0
after coll = 82.0 36.5 82.0 36.0 82 37
82.0 36.0 -1.0 -1
88.0 14.0 3 1
52.0 14.0 1 1
117.0 38.0 1.0 1
81.0 35.0 -1.0 -1
91.0 15.0 3 1
53.0 15.0 1 1
118.0 39.0 1.0 1
94.0 16.0 3 1
54.0 16.0 1 1
80.0 34.0 -1.0 -1
97.0 16.0 3 -1
55.0 16.0 1 -1
79.0 33.0 -1.0 -1
100.0 15.0 3 -1
56.0 15.0 1 -1
78.0 32.0 -1.0 -1
103.0 14.0 3 -1
57.0 14.0 1 -1
77.0 31.0 -1.0 -1
106.0 13.0 3 -1
58.0 13.0 1 -1
76.0 30.0 -1.0 -1
109.0 12.0 3 -1
59.0 12.0 1 -1
75.0 29.0 -1.0 -1
112.0 11.0 3 -1
60.0 11.0 1 -1
74.0 28.0 -1.0 -1
115.0 10.0 3 -1
61.0 10.0 1 -1
73.0 27.0 -1.0 -1
118.0 9.0 3 -1
62.0 9.0 1 -1
72.0 26.0 -1.0 -1
121.0 8.0 3 -1
63.0 8.0 1 -1
71.0 25.0 -1.0 -1
124.0 7.0 3 -1
64.0 7.0 1 -1
70.0 24.0 -1.0 -1
127.0 6.0 3 -1
65.0 6.0 1 -1
69.0 23.0 -1.0 -1
127.0 5.0 -3 -1
66.0 5.0 1 -1
68.0 22.0 -1.0 -1
124.0 5.0 -3 1
67.0 5.0 1 1
67.0 21.0 -1.0 -1
121.0 6.0 -3 1
68.0 6.0 1 1
66.0 20.0 -1.0 -1
118.0 7.0 -3 1
69.0 7.0 1 1
65.0 19.0 -1.0 -1
115.0 8.0 -3 1
70.0 8.0 1 1
64.0 18.0 -1.0 -1
112.0 9.0 -3 1
71.0 9.0 1 1
63.0 17.0 -1.0 -1
109.0 10.0 -3 1
72.0 10.0 1 1
62.0 16.0 -1.0 -1
106.0 11.0 -3 1
73.0 11.0 1 1
61.0 15.0 -1.0 -1
103.0 12.0 -3 1
74.0 12.0 1 1
60.0 14.0 -1.0 -1
100.0 13.0 -3 1
75.0 13.0 1 1
59.0 13.0 -1.0 -1
97.0 14.0 -3 1
76.0 14.0 1 1
58.0 12.0 -1.0 -1
94.0 15.0 -3 1
77.0 15.0 1 1
57.0 11.0 -1.0 -1
91.0 16.0 -3 1
78.0 16.0 1 1
56.0 10.0 -1.0 -1
88.0 16.0 -3 -1
79.0 16.0 1 -1
55.0 9.0 -1.0 -1
85.0 15.0 -3 -1
80.0 15.0 1 -1
54.0 8.0 -1.0 -1
82.0 14.0 -3 -1
81.0 14.0 1 -1
53.0 7.0 -1.0 -1
79.0 13.0 -3 -1
82.0 13.0 1 -1
52.0 6.0 -1.0 -1
76.0 12.0 -3 -1
83.0 12.0 1 -1
51.0 5.0 -1.0 -1
73.0 11.0 -3 -1
84.0 11.0 1 -1
50.0 5.0 -1.0 1
70.0 10.0 -3 -1
85.0 10.0 1 -1
49.0 6.0 -1.0 1
67.0 9.0 -3 -1
86.0 9.0 1 -1
48.0 7.0 -1.0 1
64.0 8.0 -3 -1
87.0 8.0 1 -1
47.0 8.0 -1.0 1
61.0 7.0 -3 -1
88.0 7.0 1 -1
46.0 9.0 -1.0 1
58.0 6.0 -3 -1
89.0 6.0 1 -1
45.0 10.0 -1.0 1
55.0 5.0 -3 -1
90.0 5.0 1 -1
44.0 11.0 -1.0 1
52.0 5.0 -3 1
91.0 5.0 1 1
43.0 12.0 -1.0 1
49.0 6.0 -3 1
92.0 6.0 1 1
42.0 13.0 -1.0 1
46.0 7.0 -3 1
93.0 7.0 1 1
41.0 14.0 -1.0 1
43.0 8.0 -3 1
94.0 8.0 1 1
40.0 15.0 -1.0 1
40.0 9.0 -3 1
95.0 9.0 1 1
39.0 16.0 -1.0 1
37.0 10.0 -3 1
96.0 10.0 1 1
38.0 16.0 -1.0 -1
34.0 11.0 -3 1
97.0 11.0 1 1
37.0 15.0 -1.0 -1
31.0 12.0 -3 1
98.0 12.0 1 1
36.0 14.0 -1.0 -1
28.0 13.0 -3 1
99.0 13.0 1 1
35.0 13.0 -1.0 -1
25.0 14.0 -3 1
100.0 14.0 1 1
34.0 12.0 -1.0 -1
22.0 15.0 -3 1
101.0 15.0 1 1
33.0 11.0 -1.0 -1
19.0 16.0 -3 1
102.0 16.0 1 1
32.0 10.0 -1.0 -1
16.0 16.0 -3 -1
103.0 16.0 1 -1
31.0 9.0 -1.0 -1
13.0 15.0 -3 -1
104.0 15.0 1 -1
30.0 8.0 -1.0 -1
10.0 14.0 -3 -1
105.0 14.0 1 -1
29.0 7.0 -1.0 -1
7.0 13.0 -3 -1
106.0 13.0 1 -1
28.0 6.0 -1.0 -1
4.0 12.0 -3 -1
107.0 12.0 1 -1
27.0 5.0 -1.0 -1
1.0 11.0 -3 -1
108.0 11.0 1 -1
26.0 5.0 -1.0 1
3.0 10.0 3 -1
109.0 10.0 1 -1
25.0 6.0 -1.0 1
6.0 9.0 3 -1
110.0 9.0 1 -1
24.0 7.0 -1.0 1
9.0 8.0 3 -1
111.0 8.0 1 -1
23.0 8.0 -1.0 1
12.0 7.0 3 -1
112.0 7.0 1 -1
22.0 9.0 -1.0 1
15.0 6.0 3 -1
113.0 6.0 1 -1
21.0 10.0 -1.0 1
18.0 5.0 3 -1
114.0 5.0 1 -1
20.0 11.0 -1.0 1
21.0 5.0 3 1
115.0 5.0 1 1
19.0 12.0 -1.0 1
24.0 6.0 3 1
116.0 6.0 1 1
18.0 13.0 -1.0 1
27.0 7.0 3 1
117.0 7.0 1 1
17.0 14.0 -1.0 1
30.0 8.0 3 1
118.0 8.0 1 1
16.0 15.0 -1.0 1
33.0 9.0 3 1
119.0 9.0 1 1
15.0 16.0 -1.0 1
36.0 10.0 3 1
120.0 10.0 1 1
14.0 16.0 -1.0 -1
39.0 11.0 3 1
121.0 11.0 1 1
13.0 15.0 -1.0 -1
42.0 12.0 3 1
122.0 12.0 1 1
12.0 14.0 -1.0 -1
45.0 13.0 3 1
123.0 13.0 1 1
11.0 13.0 -1.0 -1
48.0 14.0 3 1
124.0 14.0 1 1
10.0 12.0 -1.0 -1
51.0 15.0 3 1
125.0 15.0 1 1
9.0 11.0 -1.0 -1
54.0 16.0 3 1
126.0 16.0 1 1
8.0 10.0 -1.0 -1
57.0 16.0 3 -1
127.0 17.0 1 1
7.0 9.0 -1.0 -1
60.0 15.0 3 -1
128.0 18.0 1 1
6.0 8.0 -1.0 -1
63.0 14.0 3 -1
128.0 19.0 -1 1
5.0 7.0 -1.0 -1
66.0 13.0 3 -1
127.0 20.0 -1 1
4.0 6.0 -1.0 -1
69.0 12.0 3 -1
126.0 21.0 -1 1
3.0 5.0 -1.0 -1
72.0 11.0 3 -1
125.0 22.0 -1 1
2.0 5.0 -1.0 1
75.0 10.0 3 -1
124.0 23.0 -1 1
1.0 6.0 -1.0 1
78.0 9.0 3 -1
123.0 24.0 -1 1
1.0 7.0 1.0 1
81.0 8.0 3 -1
122.0 25.0 -1 1
2.0 8.0 1.0 1
85.0 7.0 4 -1
83.0 7.0 2 -1
122.0 26.0 0 1
120.0 26.0 -2 1
4.0 9.0 2.0 1
2.0 9.0 0.0 1
89.0 6.0 4 -1
85.0 6.0 2 -1
122.0 27.0 0 1
118.0 27.0 -2 1
6.0 10.0 2.0 1
2.0 10.0 0.0 1
93.0 5.0 4 -1
87.0 5.0 2 -1
122.0 28.0 0 1
116.0 28.0 -2 1
8.0 11.0 2.0 1
2.0 11.0 0.0 1
97.0 5.0 4 1
89.0 5.0 2 1
122.0 29.0 0 1
114.0 29.0 -2 1
10.0 12.0 2.0 1
2.0 12.0 0.0 1
101.0 6.0 4 1
91.0 6.0 2 1
122.0 30.0 0 1
112.0 30.0 -2 1
12.0 13.0 2.0 1
2.0 13.0 0.0 1
105.0 7.0 4 1
93.0 7.0 2 1
122.0 31.0 0 1
110.0 31.0 -2 1
14.0 14.0 2.0 1
2.0 14.0 0.0 1
109.0 8.0 4 1
95.0 8.0 2 1
122.0 32.0 0 1
108.0 32.0 -2 1
16.0 15.0 2.0 1
2.0 15.0 0.0 1
113.0 9.0 4 1
97.0 9.0 2 1
122.0 33.0 0 1
106.0 33.0 -2 1
18.0 16.0 2.0 1
2.0 16.0 0.0 1
117.0 10.0 4 1
99.0 10.0 2 1
122.0 34.0 0 1
104.0 34.0 -2 1
20.0 16.0 2.0 -1
2.0 17.0 0.0 1
121.0 11.0 4 1
101.0 11.0 2 1
122.0 35.0 0 1
102.0 35.0 -2 1
22.0 15.0 2.0 -1
2.0 18.0 0.0 1
125.0 12.0 4 1
103.0 12.0 2 1
122.0 36.0 0 1
100.0 36.0 -2 1
24.0 14.0 2.0 -1
2.0 19.0 0.0 1
128.0 13.0 -4 1
105.0 13.0 2 1
122.0 37.0 0 1
98.0 37.0 -2 1
26.0 13.0 2.0 -1
2.0 20.0 0.0 1
124.0 14.0 -4 1
107.0 14.0 2 1
122.0 38.0 0 1
96.0 38.0 -2 1
28.0 12.0 2.0 -1
2.0 21.0 0.0 1
120.0 15.0 -4 1
109.0 15.0 2 1
122.0 39.0 0 1
30.0 11.0 2.0 -1
2.0 22.0 0.0 1
116.0 16.0 -4 1
111.0 16.0 2 1
94.0 39.0 -2 1
2.0 23.0 0.0 1
112.0 16.0 -4 -1
113.0 16.0 2 -1
32.0 10.0 2.0 -1
2.0 24.0 0.0 1
108.0 15.0 -4 -1
115.0 15.0 2 -1
34.0 9.0 2.0 -1
2.0 25.0 0.0 1
104.0 14.0 -4 -1
117.0 14.0 2 -1
36.0 8.0 2.0 -1
2.0 26.0 0.0 1
100.0 13.0 -4 -1
119.0 13.0 2 -1
38.0 7.0 2.0 -1
2.0 27.0 0.0 1
96.0 12.0 -4 -1
121.0 12.0 2 -1
40.0 6.0 2.0 -1
2.0 28.0 0.0 1
92.0 11.0 -4 -1
123.0 11.0 2 -1
42.0 5.0 2.0 -1
2.0 29.0 0.0 1
88.0 10.0 -4 -1
125.0 10.0 2 -1
44.0 5.0 2.0 1
2.0 30.0 0.0 1
84.0 9.0 -4 -1
127.0 9.0 2 -1
46.0 6.0 2.0 1
2.0 31.0 0.0 1
80.0 8.0 -4 -1
128.0 8.0 -2 -1
48.0 7.0 2.0 1
2.0 32.0 0.0 1
76.0 7.0 -4 -1
126.0 7.0 -2 -1
50.0 8.0 2.0 1
2.0 33.0 0.0 1
72.0 6.0 -4 -1
124.0 6.0 -2 -1
52.0 9.0 2.0 1
2.0 34.0 0.0 1
68.0 5.0 -4 -1
122.0 5.0 -2 -1
54.0 10.0 2.0 1
2.0 35.0 0.0 1
64.0 5.0 -4 1
120.0 5.0 -2 1
56.0 11.0 2.0 1
2.0 36.0 0.0 1
60.0 6.0 -4 1
118.0 6.0 -2 1
58.0 12.0 2.0 1
2.0 37.0 0.0 1
56.0 7.0 -4 1
116.0 7.0 -2 1
60.0 13.0 2.0 1
2.0 38.0 0.0 1
52.0 8.0 -4 1
114.0 8.0 -2 1
62.0 14.0 2.0 1
2.0 39.0 0.0 1
48.0 9.0 -4 1
112.0 9.0 -2 1
64.0 15.0 2.0 1
44.0 10.0 -4 1
110.0 10.0 -2 1
66.0 16.0 2.0 1
40.0 11.0 -4 1
108.0 11.0 -2 1
68.0 16.0 2.0 -1
36.0 12.0 -4 1
106.0 12.0 -2 1
70.0 15.0 2.0 -1
32.0 13.0 -4 1
104.0 13.0 -2 1
72.0 14.0 2.0 -1
28.0 14.0 -4 1
102.0 14.0 -2 1
74.0 13.0 2.0 -1
24.0 15.0 -4 1
100.0 15.0 -2 1
76.0 12.0 2.0 -1
20.0 16.0 -4 1
98.0 16.0 -2 1
78.0 11.0 2.0 -1
16.0 17.0 -4 1
96.0 16.0 -2 -1
80.0 10.0 2.0 -1
12.0 17.0 -4 -1
94.0 15.0 -2 -1
82.0 9.0 2.0 -1
13.0 16.0 4 -1
92.0 14.0 -2 -1
84.0 8.0 2.0 -1
17.0 15.0 4 -1
90.0 13.0 -2 -1
86.0 7.0 2.0 -1
21.0 14.0 4 -1
88.0 12.0 -2 -1
88.0 6.0 2.0 -1
25.0 13.0 4 -1
86.0 11.0 -2 -1
90.0 5.0 2.0 -1
29.0 12.0 4 -1
84.0 10.0 -2 -1
92.0 5.0 2.0 1
33.0 11.0 4 -1
82.0 9.0 -2 -1
94.0 6.0 2.0 1
37.0 10.0 4 -1
80.0 8.0 -2 -1
96.0 7.0 2.0 1
41.0 9.0 4 -1
78.0 7.0 -2 -1
98.0 8.0 2.0 1
45.0 8.0 4 -1
76.0 6.0 -2 -1
100.0 9.0 2.0 1
49.0 7.0 4 -1
74.0 5.0 -2 -1
102.0 10.0 2.0 1
53.0 6.0 4 -1
72.0 5.0 -2 1
104.0 11.0 2.0 1
57.0 5.0 4 -1
70.0 6.0 -2 1
106.0 12.0 2.0 1
61.0 5.0 4 1
68.0 7.0 -2 1
108.0 13.0 2.0 1
65.0 6.0 4 1
66.0 8.0 -2 1
110.0 14.0 2.0 1
69.0 7.0 4 1
64.0 9.0 -2 1
112.0 15.0 2.0 1
73.0 8.0 4 1
62.0 10.0 -2 1
114.0 16.0 2.0 1
77.0 9.0 4 1
60.0 11.0 -2 1
115.0 17.0 -2.0 1
81.0 10.0 4 1
58.0 12.0 -2 1
113.0 17.0 -2.0 -1
85.0 11.0 4 1
56.0 13.0 -2 1
111.0 16.0 -2.0 -1
89.0 12.0 4 1
54.0 14.0 -2 1
109.0 15.0 -2.0 -1
93.0 13.0 4 1
52.0 15.0 -2 1
107.0 14.0 -2.0 -1
97.0 14.0 4 1
50.0 16.0 -2 1
105.0 13.0 -2.0 -1
101.0 15.0 4 1
48.0 16.0 -2 -1
103.0 12.0 -2.0 -1
105.0 16.0 4 1
46.0 15.0 -2 -1
101.0 11.0 -2.0 -1
109.0 17.0 4 1
44.0 14.0 -2 -1
99.0 10.0 -2.0 -1
113.0 18.0 4 1
42.0 13.0 -2 -1
97.0 9.0 -2.0 -1
117.0 19.0 4 1
40.0 12.0 -2 -1
95.0 8.0 -2.0 -1
121.0 20.0 4 1
38.0 11.0 -2 -1
93.0 7.0 -2.0 -1
125.0 21.0 4 1
36.0 10.0 -2 -1
91.0 6.0 -2.0 -1
128.0 22.0 -4 1
34.0 9.0 -2 -1
89.0 5.0 -2.0 -1
124.0 23.0 -4 1
32.0 8.0 -2 -1
87.0 5.0 -2.0 1
120.0 24.0 -4 1
30.0 7.0 -2 -1
85.0 6.0 -2.0 1
116.0 25.0 -4 1
28.0 6.0 -2 -1
83.0 7.0 -2.0 1
113.0 26.0 -3 1
111.0 26.0 -5 1
27.0 5.0 -1 -1
25.0 5.0 -3 -1
82.0 8.0 -1.0 1
80.0 8.0 -3.0 1
110.0 27.0 -3 1
106.0 27.0 -5 1
26.0 5.0 -1 1
22.0 5.0 -3 1
81.0 9.0 -1.0 1
77.0 9.0 -3.0 1
107.0 28.0 -3 1
101.0 28.0 -5 1
25.0 6.0 -1 1
19.0 6.0 -3 1
80.0 10.0 -1.0 1
74.0 10.0 -3.0 1
104.0 29.0 -3 1
96.0 29.0 -5 1
24.0 7.0 -1 1
16.0 7.0 -3 1
79.0 11.0 -1.0 1
71.0 11.0 -3.0 1
101.0 30.0 -3 1
91.0 30.0 -5 1
23.0 8.0 -1 1
13.0 8.0 -3 1
78.0 12.0 -1.0 1
68.0 12.0 -3.0 1
98.0 31.0 -3 1
86.0 31.0 -5 1
22.0 9.0 -1 1
10.0 9.0 -3 1
77.0 13.0 -1.0 1
65.0 13.0 -3.0 1
95.0 32.0 -3 1
81.0 32.0 -5 1
21.0 10.0 -1 1
7.0 10.0 -3 1
76.0 14.0 -1.0 1
62.0 14.0 -3.0 1
92.0 33.0 -3 1
76.0 33.0 -5 1
20.0 11.0 -1 1
4.0 11.0 -3 1
75.0 15.0 -1.0 1
59.0 15.0 -3.0 1
89.0 34.0 -3 1
71.0 34.0 -5 1
19.0 12.0 -1 1
1.0 12.0 -3 1
74.0 16.0 -1.0 1
56.0 16.0 -3.0 1
86.0 35.0 -3 1
66.0 35.0 -5 1
18.0 13.0 -1 1
3.0 13.0 3 1
73.0 16.0 -1.0 -1
53.0 17.0 -3.0 1
83.0 36.0 -3 1
61.0 36.0 -5 1
17.0 14.0 -1 1
6.0 14.0 3 1
72.0 15.0 -1.0 -1
51.0 17.0 3.0 -1
80.0 37.0 -3 1
56.0 37.0 -5 1
16.0 15.0 -1 1
9.0 15.0 3 1
71.0 14.0 -1.0 -1
54.0 16.0 3.0 -1
77.0 38.0 -3 1
51.0 38.0 -5 1
15.0 16.0 -1 1
12.0 16.0 3 1
70.0 13.0 -1.0 -1
57.0 15.0 3.0 -1
74.0 39.0 -3 1
14.0 17.0 -1 1
15.0 17.0 3 1
69.0 12.0 -1.0 -1
60.0 14.0 3.0 -1
46.0 39.0 -5 1
18.0 17.0 3 -1
68.0 11.0 -1.0 -1
63.0 13.0 3.0 -1
13.0 18.0 -1 1
21.0 16.0 3 -1
67.0 10.0 -1.0 -1
66.0 12.0 3.0 -1
12.0 19.0 -1 1
24.0 15.0 3 -1
66.0 9.0 -1.0 -1
69.0 11.0 3.0 -1
11.0 20.0 -1 1
27.0 14.0 3 -1
65.0 8.0 -1.0 -1
72.0 10.0 3.0 -1
10.0 21.0 -1 1
30.0 13.0 3 -1
64.0 7.0 -1.0 -1
75.0 9.0 3.0 -1
9.0 22.0 -1 1
33.0 12.0 3 -1
63.0 6.0 -1.0 -1
78.0 8.0 3.0 -1
8.0 23.0 -1 1
36.0 11.0 3 -1
62.0 5.0 -1.0 -1
81.0 7.0 3.0 -1
7.0 24.0 -1 1
39.0 10.0 3 -1
61.0 5.0 -1.0 1
84.0 6.0 3.0 -1
6.0 25.0 -1 1
42.0 9.0 3 -1
60.0 6.0 -1.0 1
87.0 5.0 3.0 -1
5.0 26.0 -1 1
45.0 8.0 3 -1
59.0 7.0 -1.0 1
90.0 5.0 3.0 1
4.0 27.0 -1 1
48.0 7.0 3 -1
58.0 8.0 -1.0 1
93.0 6.0 3.0 1
3.0 28.0 -1 1
51.0 6.0 3 -1
57.0 9.0 -1.0 1
96.0 7.0 3.0 1
2.0 29.0 -1 1
54.0 5.0 3 -1
56.0 10.0 -1.0 1
99.0 8.0 3.0 1
1.0 30.0 -1 1
57.0 5.0 3 1
55.0 11.0 -1.0 1
102.0 9.0 3.0 1
1.0 31.0 1 1
60.0 6.0 3 1
54.0 12.0 -1.0 1
105.0 10.0 3.0 1
2.0 32.0 1 1
63.0 7.0 3 1
53.0 13.0 -1.0 1
108.0 11.0 3.0 1
3.0 33.0 1 1
66.0 8.0 3 1
52.0 14.0 -1.0 1
111.0 12.0 3.0 1
4.0 34.0 1 1
69.0 9.0 3 1
51.0 15.0 -1.0 1
114.0 13.0 3.0 1
5.0 35.0 1 1
72.0 10.0 3 1
50.0 16.0 -1.0 1
117.0 14.0 3.0 1
6.0 36.0 1 1
75.0 11.0 3 1
49.0 17.0 -1.0 1
120.0 15.0 3.0 1
7.0 37.0 1 1
78.0 12.0 3 1
48.0 18.0 -1.0 1
123.0 16.0 3.0 1
8.0 38.0 1 1
81.0 13.0 3 1
47.0 19.0 -1.0 1
126.0 17.0 3.0 1
9.0 39.0 1 1
46.0 20.0 -1.0 1
128.0 18.0 -3.0 1
84.0 14.0 3 1
45.0 21.0 -1.0 1
125.0 19.0 -3.0 1
87.0 15.0 3 1
44.0 22.0 -1.0 1
122.0 20.0 -3.0 1
90.0 16.0 3 1
43.0 23.0 -1.0 1
119.0 21.0 -3.0 1
93.0 16.0 3 -1
42.0 24.0 -1.0 1
116.0 22.0 -3.0 1
96.0 15.0 3 -1
41.0 25.0 -1.0 1
113.0 23.0 -3.0 1
99.0 14.0 3 -1
40.0 26.0 -1.0 1
110.0 24.0 -3.0 1
102.0 13.0 3 -1
39.0 27.0 -1.0 1
107.0 25.0 -3.0 1
105.0 12.0 3 -1
38.0 28.0 -1.0 1
104.0 26.0 -3.0 1
108.0 11.0 3 -1
37.0 29.0 -1.0 1
101.0 27.0 -3.0 1
111.0 10.0 3 -1
36.0 30.0 -1.0 1
98.0 28.0 -3.0 1
114.0 9.0 3 -1
35.0 31.0 -1.0 1
95.0 29.0 -3.0 1
117.0 8.0 3 -1
34.0 32.0 -1.0 1
92.0 30.0 -3.0 1
120.0 7.0 3 -1
33.0 33.0 -1.0 1
89.0 31.0 -3.0 1
124.0 6.0 4 -1
122.0 6.0 2 -1
33.0 34.0 0.0 1
31.0 34.0 -2.0 1
87.0 32.0 -2.0 1
85.0 32.0 -4.0 1
128.0 5.0 -5 -1
127.0 5.0 3 -1
125.0 5.0 3 -1
123.0 5.0 1 -1
34.0 35.0 1.0 1
32.0 35.0 -1.0 1
30.0 35.0 -1.0 1
28.0 35.0 -3.0 1
86.0 33.0 -1.0 1
84.0 33.0 -3.0 1
82.0 33.0 -3.0 1
80.0 33.0 -5.0 1
123.0 5.0 -5 1
127.0 5.0 -3 1
128.0 5.0 3 1
124.0 5.0 1 1
35.0 36.0 1.0 1
31.0 36.0 -1.0 1
29.0 36.0 -1.0 1
25.0 36.0 -3.0 1
85.0 34.0 -1.0 1
81.0 34.0 -3.0 1
79.0 34.0 -3.0 1
75.0 34.0 -5.0 1
118.0 6.0 -5 1
124.0 6.0 -3 1
126.0 6.0 -3 1
125.0 6.0 1 1
36.0 37.0 1.0 1
30.0 37.0 -1.0 1
28.0 37.0 -1.0 1
22.0 37.0 -3.0 1
84.0 35.0 -1.0 1
78.0 35.0 -3.0 1
76.0 35.0 -3.0 1
70.0 35.0 -5.0 1
113.0 7.0 -5 1
121.0 7.0 -3 1
123.0 7.0 -3 1
126.0 7.0 1 1
37.0 38.0 1.0 1
29.0 38.0 -1.0 1
27.0 38.0 -1.0 1
19.0 38.0 -3.0 1
83.0 36.0 -1.0 1
75.0 36.0 -3.0 1
73.0 36.0 -3.0 1
65.0 36.0 -5.0 1
108.0 8.0 -5 1
118.0 8.0 -3 1
120.0 8.0 -3 1
127.0 8.0 1 1
38.0 39.0 1.0 1
26.0 39.0 -1.0 1
82.0 37.0 -1.0 1
72.0 37.0 -3.0 1
70.0 37.0 -3.0 1
60.0 37.0 -5.0 1
103.0 9.0 -5 1
115.0 9.0 -3 1
117.0 9.0 -3 1
128.0 9.0 1 1
28.0 39.0 -1.0 1
81.0 38.0 -1.0 1
69.0 38.0 -3.0 1
67.0 38.0 -3.0 1
55.0 38.0 -5.0 1
98.0 10.0 -5 1
112.0 10.0 -3 1
114.0 10.0 -3 1
128.0 10.0 -1 1
16.0 39.0 -3.0 1
66.0 39.0 -3.0 1
50.0 39.0 -5.0 1
93.0 11.0 -5 1
109.0 11.0 -3 1
111.0 11.0 -3 1
127.0 11.0 -1 1
80.0 39.0 -1.0 1
88.0 12.0 -5 1
106.0 12.0 -3 1
108.0 12.0 -3 1
126.0 12.0 -1 1
64.0 39.0 -3.0 1
83.0 13.0 -5 1
103.0 13.0 -3 1
105.0 13.0 -3 1
125.0 13.0 -1 1
78.0 14.0 -5 1
100.0 14.0 -3 1
102.0 14.0 -3 1
124.0 14.0 -1 1
73.0 15.0 -5 1
97.0 15.0 -3 1
99.0 15.0 -3 1
123.0 15.0 -1 1
68.0 16.0 -5 1
94.0 16.0 -3 1
96.0 16.0 -3 1
122.0 16.0 -1 1
63.0 17.0 -5 1
91.0 17.0 -3 1
93.0 17.0 -3 1
121.0 17.0 -1 1
63.0 18.0 5 1
93.0 17.0 3 -1
91.0 18.0 3 1
120.0 18.0 -1 1
68.0 19.0 5 1
96.0 16.0 3 -1
94.0 19.0 3 1
119.0 19.0 -1 1
73.0 20.0 5 1
99.0 15.0 3 -1
97.0 20.0 3 1
118.0 20.0 -1 1
78.0 21.0 5 1
102.0 14.0 3 -1
100.0 21.0 3 1
117.0 21.0 -1 1
83.0 22.0 5 1
105.0 13.0 3 -1
103.0 22.0 3 1
116.0 22.0 -1 1
88.0 23.0 5 1
108.0 12.0 3 -1
106.0 23.0 3 1
115.0 23.0 -1 1
93.0 24.0 5 1
111.0 11.0 3 -1
109.0 24.0 3 1
114.0 24.0 -1 1
98.0 25.0 5 1
114.0 10.0 3 -1
112.0 25.0 3 1
113.0 25.0 -1 1
103.0 26.0 5 1
117.0 9.0 3 -1
115.0 26.0 3 1
112.0 26.0 -1 1
108.0 27.0 5 1
120.0 8.0 3 -1
118.0 27.0 3 1
111.0 27.0 -1 1
113.0 28.0 5 1
123.0 7.0 3 -1
121.0 28.0 3 1
110.0 28.0 -1 1
118.0 29.0 5 1
126.0 6.0 3 -1
124.0 29.0 3 1
109.0 29.0 -1 1
123.0 30.0 5 1
128.0 5.0 -3 -1
127.0 30.0 3 1
108.0 30.0 -1 1
128.0 31.0 5 1
125.0 5.0 -3 1
127.0 31.0 -3 1
107.0 31.0 -1 1
124.0 32.0 -5 1
122.0 6.0 -3 1
124.0 32.0 -3 1
106.0 32.0 -1 1
119.0 33.0 -5 1
119.0 7.0 -3 1
121.0 33.0 -3 1
105.0 33.0 -1 1
114.0 34.0 -5 1
116.0 8.0 -3 1
118.0 34.0 -3 1
104.0 34.0 -1 1
109.0 35.0 -5 1
113.0 9.0 -3 1
115.0 35.0 -3 1
103.0 35.0 -1 1
104.0 36.0 -5 1
110.0 10.0 -3 1
112.0 36.0 -3 1
102.0 36.0 -1 1
99.0 37.0 -5 1
107.0 11.0 -3 1
109.0 37.0 -3 1
101.0 37.0 -1 1
94.0 38.0 -5 1
104.0 12.0 -3 1
106.0 38.0 -3 1
100.0 38.0 -1 1
89.0 39.0 -5 1
103.0 39.0 -3 1
101.0 13.0 -3 1
99.0 39.0 -1 1
98.0 14.0 -3 1
95.0 15.0 -3 1
92.0 16.0 -3 1
89.0 17.0 -3 1
86.0 18.0 -3 1
88.0 19.0 3 1
91.0 20.0 3 1
94.0 21.0 3 1
97.0 22.0 3 1
100.0 23.0 3 1
103.0 24.0 3 1
106.0 25.0 3 1
109.0 26.0 3 1
112.0 27.0 3 1
115.0 28.0 3 1
119.0 29.0 4 1
117.0 29.0 2 1
124.0 30.0 5 1
122.0 30.0 3 1
120.0 30.0 3 1
118.0 30.0 1 1
127.0 31.0 -6 1
128.0 31.0 4 1
126.0 31.0 4 1
124.0 31.0 2 1
124.0 31.0 4 1
122.0 31.0 2 1
120.0 31.0 2 1
118.0 31.0 0 1
121.0 32.0 -6 1
125.0 32.0 -4 1
127.0 32.0 -4 1
126.0 32.0 2 1
128.0 32.0 4 1
124.0 32.0 2 1
122.0 32.0 2 1
118.0 32.0 0 1
115.0 33.0 -6 1
121.0 33.0 -4 1
123.0 33.0 -4 1
128.0 33.0 2 1
125.0 33.0 -4 1
126.0 33.0 2 1
124.0 33.0 2 1
118.0 33.0 0 1
109.0 34.0 -6 1
117.0 34.0 -4 1
119.0 34.0 -4 1
127.0 34.0 -2 1
121.0 34.0 -4 1
128.0 34.0 2 1
126.0 34.0 2 1
118.0 34.0 0 1
103.0 35.0 -6 1
113.0 35.0 -4 1
115.0 35.0 -4 1
125.0 35.0 -2 1
117.0 35.0 -4 1
127.0 35.0 -2 1
128.0 35.0 2 1
118.0 35.0 0 1
97.0 36.0 -6 1
109.0 36.0 -4 1
111.0 36.0 -4 1
123.0 36.0 -2 1
113.0 36.0 -4 1
125.0 36.0 -2 1
127.0 36.0 -2 1
118.0 36.0 0 1
91.0 37.0 -6 1
105.0 37.0 -4 1
107.0 37.0 -4 1
121.0 37.0 -2 1
109.0 37.0 -4 1
123.0 37.0 -2 1
125.0 37.0 -2 1
118.0 37.0 0 1
85.0 38.0 -6 1
101.0 38.0 -4 1
103.0 38.0 -4 1
119.0 38.0 -2 1
105.0 38.0 -4 1
121.0 38.0 -2 1
123.0 38.0 -2 1
118.0 38.0 0 1
79.0 39.0 -6 1
99.0 39.0 -4 1
101.0 39.0 -4 1
121.0 39.0 -2 1
97.0 39.0 -4 1
119.0 39.0 -2 1
117.0 39.0 -2 1
118.0 39.0 0 1
lives = 1
65 34 0 1
65 34 0 1
65 34 0 1
65 34 0 1
65 34 0 1
65 34 0 1
65 34 0 1
65 34 0 1
65 34 0 1
65 34 0 1
65 34 0 1
65 34 0 1
65 34 0 1
65 34 0 1
65 34 0 1
65 34 0 1
65 34 0 1
65 34 0 1
65 34 0 1
65 34 0 1
65 34 0 1
lives = 3
65 34 0 1
65 34 0 1
65 34 0 1
65 34 0 1
65 34 0 1
65 34 0 1
65 34 0 1
65 34 0 1
65 34 0 1
65 34 0 1
65 35 0 1
65 36 0 1
before coll = 65 36 65 37 65 37
OFFSET = 0
after coll = 65 36.5 65 36.0 65 37
65 36.0 0 -1
65 35.0 0 -1
65 34.0 0 -1
65 33.0 0 -1
65 32.0 0 -1
65 31.0 0 -1
65 30.0 0 -1
65 29.0 0 -1
65 28.0 0 -1
65 27.0 0 -1
65 26.0 0 -1
65 25.0 0 -1
65 24.0 0 -1
65 23.0 0 -1
65 22.0 0 -1
65 21.0 0 -1
65 20.0 0 -1
65 19.0 0 -1
65 19.0 0 1
65 20.0 0 1
65 21.0 0 1
65 22.0 0 1
65 23.0 0 1
65 24.0 0 1
65 25.0 0 1
65 26.0 0 1
65 27.0 0 1
65 28.0 0 1
65 29.0 0 1
65 30.0 0 1
65 31.0 0 1
65 32.0 0 1
65 33.0 0 1
65 34.0 0 1
65 35.0 0 1
65 36.0 0 1
before coll = 65 36.0 65 37.0 65 37
OFFSET = 0
after coll = 65 36.5 65 36.0 65 37
65 36.0 0 -1
65 35.0 0 -1
65 34.0 0 -1
65 33.0 0 -1
65 32.0 0 -1
65 31.0 0 -1
65 30.0 0 -1
65 29.0 0 -1
65 28.0 0 -1
65 27.0 0 -1
65 26.0 0 -1
65 25.0 0 -1
65 24.0 0 -1
65 23.0 0 -1
65 22.0 0 -1
65 21.0 0 -1
65 20.0 0 -1
65 19.0 0 -1
65 18.0 0 -1
65 18.0 0 1
65 20.0 0 2
65 22.0 0 2
65 24.0 0 2
65 26.0 0 2
65 28.0 0 2
65 30.0 0 2
65 32.0 0 2
65 34.0 0 2
65 36.0 0 2
before coll = 65 36.0 65 38.0 65 37
OFFSET = 0
after coll = 65 36.5 65 35.0 65 37
65 35.0 0 -2
65 33.0 0 -2
65 31.0 0 -2
65 29.0 0 -2
65 27.0 0 -2
65 25.0 0 -2
65 23.0 0 -2
65 21.0 0 -2
65 19.0 0 -2
65 18.0 0 2
65 20.0 0 2
65 22.0 0 2
65 24.0 0 2
65 26.0 0 2
65 28.0 0 2
65 30.0 0 2
65 32.0 0 2
65 34.0 0 2
65 36.0 0 2
before coll = 65 36.0 65 38.0 65 37
OFFSET = 0
after coll = 65 36.5 65 35.0 65 37
65 35.0 0 -2
65 33.0 0 -2
65 31.0 0 -2
65 29.0 0 -2
65 27.0 0 -2
65 25.0 0 -2
65 23.0 0 -2
65 21.0 0 -2
65 19.0 0 -2
65 17.0 0 -2
65 15.0 0 -2
65 13.0 0 -2
65 11.0 0 -2
65 9.0 0 -2
65 7.0 0 -2
65 5.0 0 -2
65 6.0 0 2
65 8.0 0 2
65 10.0 0 2
65 12.0 0 2
65 14.0 0 2
65 16.0 0 2
65 18.0 0 2
65 20.0 0 2
65 22.0 0 2
65 24.0 0 2
65 26.0 0 2
65 28.0 0 2
65 30.0 0 2
65 32.0 0 2
65 35.0 0 3
before coll = 65 35.0 65 38.0 65 37
OFFSET = 0
after coll = 65 36.5 65 35.0 65 37
65 35.0 0 -3
65 32.0 0 -3
65 29.0 0 -3
65 26.0 0 -3
65 23.0 0 -3
65 20.0 0 -3
65 17.0 0 -3
65 14.0 0 -3
65 11.0 0 -3
65 8.0 0 -3
65 5.0 0 -3
65 7.0 0 3
65 10.0 0 3
65 13.0 0 3
65 16.0 0 3
65 19.0 0 3
65 22.0 0 3
65 25.0 0 3
65 28.0 0 3
65 31.0 0 3
65 34.0 0 3
before coll = 65 34.0 65 37.0 65 37
OFFSET = 0
after coll = 65 36.5 65 36.0 65 37
65 36.0 0 -3
65 33.0 0 -3
65 30.0 0 -3
65 27.0 0 -3
65 24.0 0 -3
65 21.0 0 -3
65 18.0 0 -3
65 15.0 0 -3
65 12.0 0 -3
65 9.0 0 -3
65 7.0 0 -2
65 5.0 0 -2
65 6.0 0 2
65 8.0 0 2
65 10.0 0 2
65 12.0 0 2
65 14.0 0 2
65 16.0 0 2
65 18.0 0 2
65 20.0 0 2
65 22.0 0 2
65 24.0 0 2
65 26.0 0 2
65 28.0 0 2
65 30.0 0 2
65 32.0 0 2
65 34.0 0 2
65 36.0 0 2
before coll = 65 36.0 65 38.0 65 37
OFFSET = 0
after coll = 65 36.5 65 35.0 65 37
65 35.0 0 -2
65 33.0 0 -2
65 31.0 0 -2
65 29.0 0 -2
65 27.0 0 -2
65 25.0 0 -2
65 23.0 0 -2
65 21.0 0 -2
65 19.0 0 -2
65 17.0 0 -2
65 15.0 0 -2
65 13.0 0 -2
65 11.0 0 -2
65 9.0 0 -2
65 7.0 0 -2
65 5.0 0 -2
65 6.0 0 2
65 8.0 0 2
65 10.0 0 2
65 12.0 0 2
65 14.0 0 2
65 16.0 0 2
65 18.0 0 2
65 20.0 0 2
65 22.0 0 2
65 24.0 0 2
65 26.0 0 2
65 28.0 0 2
65 30.0 0 2
65 32.0 0 2
65 34.0 0 2
65 36.0 0 2
before coll = 65 36.0 65 38.0 65 37
OFFSET = 0
after coll = 65 36.5 65 35.0 65 37
65 35.0 0 -2
65 33.0 0 -2
65 31.0 0 -2
65 29.0 0 -2
65 27.0 0 -2
65 25.0 0 -2
65 23.0 0 -2
65 21.0 0 -2
65 19.0 0 -2
65 18.0 0 -1
65 17.0 0 -1
65 16.0 0 -1
65 15.0 0 -1
65 14.0 0 -1
65 13.0 0 -1
65 12.0 0 -1
65 11.0 0 -1
65 10.0 0 -1
65 9.0 0 -1
65 8.0 0 -1
65 7.0 0 -1
65 6.0 0 -1
65 5.0 0 -1
65 5.0 0 1
65 6.0 0 1
65 7.0 0 1
65 8.0 0 1
65 9.0 0 1
65 10.0 0 1
65 11.0 0 1
65 12.0 0 1
65 13.0 0 1
65 14.0 0 1
65 15.0 0 1
65 16.0 0 1
65 17.0 0 1
65 18.0 0 1
65 19.0 0 1
65 20.0 0 1
65 21.0 0 1
65 22.0 0 1
65 23.0 0 1
65 24.0 0 1
65 25.0 0 1
65 26.0 0 1
65 27.0 0 1
65 28.0 0 1
65 29.0 0 1
65 30.0 0 1
65 31.0 0 1
65 32.0 0 1
65 33.0 0 1
65 34.0 0 1
65 35.0 0 1
65 36.0 0 1
before coll = 65 36.0 65 37.0 65 37
OFFSET = 0
after coll = 65 36.5 65 36.0 65 37
65 36.0 0 -1
65 35.0 0 -1
65 34.0 0 -1
65 33.0 0 -1
65 32.0 0 -1
65 31.0 0 -1
65 30.0 0 -1
65 29.0 0 -1
65 28.0 0 -1
lives = 3
65 34 0 1
65 34 0 1
65 34 0 1
65 34 0 1
65 35 0 1
65 36 0 1
before coll = 65 36 65 37 65 37
OFFSET = 0
after coll = 65 36.5 65 36.0 65 37
65 36.0 0 -1
65 35.0 0 -1
65 34.0 0 -1
65 33.0 0 -1
65 32.0 0 -1
65 31.0 0 -1
65 30.0 0 -1
65 29.0 0 -1
65 28.0 0 -1
65 27.0 0 -1
65 26.0 0 -1
65 25.0 0 -1
65 24.0 0 -1
65 23.0 0 -1
65 22.0 0 -1
65 21.0 0 -1
65 20.0 0 -1
65 19.0 0 -1
65 19.0 0 1
65 20.0 0 1
65 21.0 0 1
65 22.0 0 1
65 23.0 0 1
65 24.0 0 1
65 25.0 0 1
65 26.0 0 1
65 27.0 0 1
65 28.0 0 1
65 29.0 0 1
65 30.0 0 1
65 31.0 0 1
65 32.0 0 1
65 33.0 0 1
65 34.0 0 1
65 35.0 0 1
65 36.0 0 1
before coll = 65 36.0 65 37.0 65 37
OFFSET = 0
after coll = 65 36.5 65 36.0 65 37
65 36.0 0 -1
65 35.0 0 -1
65 34.0 0 -1
65 33.0 0 -1
65 32.0 0 -1
65 31.0 0 -1
65 30.0 0 -1
65 29.0 0 -1
65 28.0 0 -1
65 27.0 0 -1
65 26.0 0 -1
65 25.0 0 -1
65 24.0 0 -1
65 23.0 0 -1
65 22.0 0 -1
65 21.0 0 -1
65 20.0 0 -1
65 19.0 0 -1
65 18.0 0 -1
65 18.0 0 1
65 19.0 0 1
65 20.0 0 1
65 21.0 0 1
65 22.0 0 1
65 23.0 0 1
65 24.0 0 1
65 25.0 0 1
65 26.0 0 1
65 27.0 0 1
65 28.0 0 1
65 29.0 0 1
65 30.0 0 1
65 31.0 0 1
65 32.0 0 1
65 33.0 0 1
65 34.0 0 1
65 35.0 0 1
65 36.0 0 1
before coll = 65 36.0 65 37.0 64 37
OFFSET = 1
after coll = 65 36.5 65 36.0 64 37
65 36.0 1 -1
66 35.0 1 -1
67 34.0 1 -1
68 33.0 1 -1
69 32.0 1 -1
70 31.0 1 -1
71 30.0 1 -1
72 29.0 1 -1
73 28.0 1 -1
74 27.0 1 -1
75 26.0 1 -1
76 25.0 1 -1
77 24.0 1 -1
78 23.0 1 -1
79 22.0 1 -1
80 21.0 1 -1
81 20.0 1 -1
82 19.0 1 -1
83 18.0 1 -1
84 17.0 1 -1
85 16.0 1 -1
86 15.0 1 -1
87 14.0 1 -1
88 13.0 1 -1
89 12.0 1 -1
90 11.0 1 -1
91 10.0 1 -1
92 9.0 1 -1
93 8.0 1 -1
94 7.0 1 -1
95 6.0 1 -1
96 5.0 1 -1
97 5.0 1 1
98 6.0 1 1
99 7.0 1 1
100 8.0 1 1
101 9.0 1 1
102 10.0 1 1
103 11.0 1 1
104 12.0 1 1
105 13.0 1 1
106 14.0 1 1
107 15.0 1 1
108 16.0 1 1
109 17.0 1 1
110 18.0 1 1
111 19.0 1 1
112 20.0 1 1
113 21.0 1 1
114 22.0 1 1
115 23.0 1 1
116 24.0 1 1
117 25.0 1 1
118 26.0 1 1
119 27.0 1 1
120 28.0 1 1
121 29.0 1 1
122 30.0 1 1
123 31.0 1 1
124 32.0 1 1
125 33.0 1 1
126 34.0 1 1
127 35.0 1 1
128 36.0 1 1
before coll = 128 36.0 129 37.0 125 37
OFFSET = 4.0
after coll = 129.0 36.5 129 36.0 125 37
128.0 36.0 -5.0 -1
123.0 35.0 -5.0 -1
118.0 34.0 -5.0 -1
113.0 33.0 -5.0 -1
108.0 32.0 -5.0 -1
103.0 31.0 -5.0 -1
98.0 30.0 -5.0 -1
93.0 29.0 -5.0 -1
88.0 28.0 -5.0 -1
83.0 27.0 -5.0 -1
78.0 26.0 -5.0 -1
73.0 25.0 -5.0 -1
68.0 24.0 -5.0 -1
63.0 23.0 -5.0 -1
58.0 22.0 -5.0 -1
53.0 21.0 -5.0 -1
48.0 20.0 -5.0 -1
43.0 19.0 -5.0 -1
38.0 19.0 -5.0 1
33.0 20.0 -5.0 1
28.0 21.0 -5.0 1
23.0 22.0 -5.0 1
18.0 23.0 -5.0 1
13.0 24.0 -5.0 1
8.0 25.0 -5.0 1
3.0 26.0 -5.0 1
3.0 27.0 5.0 1
8.0 28.0 5.0 1
13.0 29.0 5.0 1
18.0 30.0 5.0 1
23.0 31.0 5.0 1
28.0 32.0 5.0 1
33.0 33.0 5.0 1
38.0 34.0 5.0 1
43.0 35.0 5.0 1
48.0 36.0 5.0 1
53.0 37.0 5.0 1
58.0 38.0 5.0 1
63.0 39.0 5.0 1
lives = 2
65 34 0 1
65 34 0 1
65 34 0 1
65 34 0 1
65 34 0 1
65 34 0 1
65 34 0 1
65 34 0 1
65 34 0 1
65 34 0 1
65 34 0 1
65 34 0 1
lives = 3
65 34 0 1
65 34 0 1
65 34 0 1
65 34 0 1
65 34 0 1
65 35 0 1
65 36 0 1
before coll = 65 36 65 37 65 37
OFFSET = 0
after coll = 65 36.5 65 36.0 65 37
65 36.0 0 -1
65 35.0 0 -1
65 34.0 0 -1
65 33.0 0 -1
65 32.0 0 -1
65 31.0 0 -1
65 30.0 0 -1
65 29.0 0 -1
65 28.0 0 -1
65 27.0 0 -1
65 26.0 0 -1
65 25.0 0 -1
65 24.0 0 -1
65 23.0 0 -1
65 22.0 0 -1
65 21.0 0 -1
65 20.0 0 -1
65 19.0 0 -1
65 19.0 0 1
65 20.0 0 1
65 21.0 0 1
65 22.0 0 1
65 23.0 0 1
65 24.0 0 1
65 25.0 0 1
65 26.0 0 1
65 27.0 0 1
65 28.0 0 1
65 29.0 0 1
65 30.0 0 1
65 31.0 0 1
65 32.0 0 1
65 33.0 0 1
65 34.0 0 1
65 35.0 0 1
65 36.0 0 1
before coll = 65 36.0 65 37.0 65 37
OFFSET = 0
after coll = 65 36.5 65 36.0 65 37
65 36.0 0 -1
65 35.0 0 -1
65 34.0 0 -1
65 33.0 0 -1
65 32.0 0 -1
65 31.0 0 -1
65 30.0 0 -1
65 29.0 0 -1
65 28.0 0 -1
65 27.0 0 -1
65 26.0 0 -1
65 25.0 0 -1
65 24.0 0 -1
65 23.0 0 -1
65 22.0 0 -1
65 21.0 0 -1
65 20.0 0 -1
65 19.0 0 -1
65 18.0 0 -1
65 18.0 0 1
65 19.0 0 1
65 20.0 0 1
65 21.0 0 1
65 22.0 0 1
65 23.0 0 1
65 24.0 0 1
65 25.0 0 1
65 26.0 0 1
65 27.0 0 1
65 28.0 0 1
65 29.0 0 1
65 30.0 0 1
65 31.0 0 1
65 32.0 0 1
65 33.0 0 1
65 34.0 0 1
65 35.0 0 1
65 36.0 0 1
before coll = 65 36.0 65 37.0 65 37
OFFSET = 0
after coll = 65 36.5 65 36.0 65 37
65 36.0 0 -1
65 36.0 0 -1
65 36.0 0 -1
65 36.0 0 -1
65 36.0 0 -1
65 36.0 0 -1
65 36.0 0 -1
65 36.0 0 -1
65 35.0 0 -1
65 34.0 0 -1
65 33.0 0 -1
65 32.0 0 -1
65 31.0 0 -1
65 30.0 0 -1
65 29.0 0 -1
65 28.0 0 -1
65 27.0 0 -1
65 26.0 0 -1
65 25.0 0 -1
65 24.0 0 -1
65 23.0 0 -1
65 22.0 0 -1
65 21.0 0 -1
65 20.0 0 -1
65 19.0 0 -1
65 18.0 0 -1
65 18.0 0 1
65 19.0 0 1
65 20.0 0 1
65 21.0 0 1
65 22.0 0 1
65 23.0 0 1
65 24.0 0 1
65 25.0 0 1
65 26.0 0 1
65 27.0 0 1
65 28.0 0 1
65 29.0 0 1
65 30.0 0 1
65 31.0 0 1
65 32.0 0 1
65 33.0 0 1
65 34.0 0 1
65 35.0 0 1
65 36.0 0 1
before coll = 65 36.0 65 37.0 65 37
OFFSET = 0
after coll = 65 36.5 65 36.0 65 37
65 36.0 0 -1
65 36.0 0 -1
65 36.0 0 -1
65 36.0 0 -1
65 36.0 0 -1
65 36.0 0 -1
65 36.0 0 -1
65 36.0 0 -1
65 36.0 0 -1
65 36.0 0 -1
65 36.0 0 -1
65 36.0 0 -1
65 36.0 0 -1
65 36.0 0 -1
65 36.0 0 -1
65 36.0 0 -1
65 36.0 0 -1
65 36.0 0 -1
65 36.0 0 -1
65 36.0 0 -1
65 36.0 0 -1
65 36.0 0 -1
65 36.0 0 -1
66 36.0 0 -1
66 36.0 0 -1
66 36.0 0 -1
66 36.0 0 -1
66 36.0 0 -1
69 36.0 0 -1
73 36.0 0 -1
76 36.0 0 -1
80 36.0 0 -1
81 36.0 0 -1
81 36.0 0 -1
81 36.0 0 -1
81 35.0 0 -1
81 34.0 0 -1
81 33.0 0 -1
81 32.0 0 -1
81 31.0 0 -1
81 30.0 0 -1
81 29.0 0 -1
81 28.0 0 -1
81 27.0 0 -1
81 26.0 0 -1
81 25.0 0 -1
81 24.0 0 -1
81 23.0 0 -1
81 22.0 0 -1
81 21.0 0 -1
81 20.0 0 -1
81 19.0 0 -1
81 19.0 0 1
81 20.0 0 1
81 21.0 0 1
81 22.0 0 1
81 23.0 0 1
81 24.0 0 1
81 25.0 0 1
81 26.0 0 1
81 27.0 0 1
81 28.0 0 1
81 29.0 0 1
81 30.0 0 1
81 31.0 0 1
81 32.0 0 1
81 33.0 0 1
81 34.0 0 1
81 35.0 0 1
81 36.0 0 1
before coll = 81 36.0 81 37.0 81 37
OFFSET = 0
after coll = 81 36.5 81 36.0 81 37
81 36.0 0 -1
81 35.0 0 -1
81 34.0 0 -1
81 33.0 0 -1
81 32.0 0 -1
81 31.0 0 -1
81 30.0 0 -1
81 29.0 0 -1
81 28.0 0 -1
81 27.0 0 -1
81 26.0 0 -1
81 25.0 0 -1
81 24.0 0 -1
81 23.0 0 -1
81 22.0 0 -1
81 21.0 0 -1
81 20.0 0 -1
81 19.0 0 -1
81 18.0 0 -1
81 18.0 0 1
81 19.0 0 1
81 20.0 0 1
81 21.0 0 1
81 22.0 0 1
81 23.0 0 1
81 24.0 0 1
81 25.0 0 1
81 26.0 0 1
81 27.0 0 1
81 28.0 0 1
81 29.0 0 1
81 30.0 0 1
81 31.0 0 1
81 32.0 0 1
81 33.0 0 1
81 34.0 0 1
81 35.0 0 1
81 36.0 0 1
before coll = 81 36.0 81 37.0 81 37
OFFSET = 0
after coll = 81 36.5 81 36.0 81 37
81 36.0 0 -1
81 36.0 0 -1
81 36.0 0 -1
81 36.0 0 -1
81 36.0 0 -1
81 36.0 0 -1
81 36.0 0 -1
81 36.0 0 -1
81 36.0 0 -1
81 36.0 0 -1
81 36.0 0 -1
81 35.0 0 -1
81 34.0 0 -1
81 33.0 0 -1
81 32.0 0 -1
81 31.0 0 -1
81 30.0 0 -1
81 29.0 0 -1
81 28.0 0 -1
81 27.0 0 -1
81 26.0 0 -1
81 25.0 0 -1
81 24.0 0 -1
81 23.0 0 -1
81 22.0 0 -1
81 21.0 0 -1
81 20.0 0 -1
81 19.0 0 -1
81 18.0 0 -1
81 18.0 0 1
81 19.0 0 1
81 20.0 0 1
81 21.0 0 1
81 22.0 0 1
81 23.0 0 1
81 24.0 0 1
81 25.0 0 1
81 26.0 0 1
81 27.0 0 1
81 28.0 0 1
81 29.0 0 1
81 30.0 0 1
81 31.0 0 1
81 32.0 0 1
81 33.0 0 1
81 34.0 0 1
81 35.0 0 1
81 36.0 0 1
before coll = 81 36.0 81 37.0 81 37
OFFSET = 0
after coll = 81 36.5 81 36.0 81 37
81 36.0 0 -1
81 35.0 0 -1
81 34.0 0 -1
81 33.0 0 -1
81 32.0 0 -1
81 31.0 0 -1
81 30.0 0 -1
81 29.0 0 -1
81 28.0 0 -1
81 27.0 0 -1
81 26.0 0 -1
81 25.0 0 -1
81 24.0 0 -1
81 23.0 0 -1
81 22.0 0 -1
81 21.0 0 -1
81 20.0 0 -1
81 19.0 0 -1
81 18.0 0 -1
81 17.0 0 -1
81 16.0 0 -1
81 15.0 0 -1
81 14.0 0 -1
81 13.0 0 -1
81 12.0 0 -1
81 11.0 0 -1
81 10.0 0 -1
81 9.0 0 -1
81 8.0 0 -1
81 7.0 0 -1
81 6.0 0 -1
81 5.0 0 -1
81 5.0 0 1
81 6.0 0 1
81 7.0 0 1
81 8.0 0 1
81 9.0 0 1
81 10.0 0 1
81 11.0 0 1
81 12.0 0 1
81 13.0 0 1
81 14.0 0 1
81 15.0 0 1
81 16.0 0 1
81 17.0 0 1
81 18.0 0 1
81 19.0 0 1
81 20.0 0 1
81 21.0 0 1
81 22.0 0 1
81 23.0 0 1
81 24.0 0 1
81 25.0 0 1
81 26.0 0 1
81 27.0 0 1
81 28.0 0 1
81 29.0 0 1
81 30.0 0 1
81 31.0 0 1
81 32.0 0 1
81 33.0 0 1
81 34.0 0 1
81 35.0 0 1
81 36.0 0 1
before coll = 81 36.0 81 37.0 81 37
OFFSET = 0
after coll = 81 36.5 81 36.0 81 37
81 36.0 0 -1
81 35.0 0 -1
81 34.0 0 -1
81 33.0 0 -1
81 32.0 0 -1
81 31.0 0 -1
81 30.0 0 -1
81 29.0 0 -1
81 28.0 0 -1
81 27.0 0 -1
81 26.0 0 -1
81 25.0 0 -1
81 24.0 0 -1
81 23.0 0 -1
81 22.0 0 -1
81 21.0 0 -1
81 20.0 0 -1
81 19.0 0 -1
81 18.0 0 -1
81 17.0 0 -1
81 16.0 0 -1
81 15.0 0 -1
81 14.0 0 -1
81 13.0 0 -1
81 12.0 0 -1
81 11.0 0 -1
81 10.0 0 -1
81 9.0 0 -1
81 8.0 0 -1
81 7.0 0 -1
81 6.0 0 -1
81 5.0 0 -1
81 5.0 0 1
81 6.0 0 1
81 7.0 0 1
81 8.0 0 1
81 9.0 0 1
81 10.0 0 1
81 11.0 0 1
81 12.0 0 1
81 13.0 0 1
81 14.0 0 1
81 15.0 0 1
81 16.0 0 1
81 17.0 0 1
81 18.0 0 1
81 19.0 0 1
81 20.0 0 1
81 21.0 0 1
81 22.0 0 1
81 23.0 0 1
81 24.0 0 1
81 25.0 0 1
81 26.0 0 1
81 27.0 0 1
81 28.0 0 1
81 29.0 0 1
81 30.0 0 1
81 31.0 0 1
81 32.0 0 1
81 33.0 0 1
81 34.0 0 1
81 35.0 0 1
81 36.0 0 1
before coll = 81 36.0 81 37.0 82 37
OFFSET = -1
after coll = 81 36.5 81 36.0 82 37
81 36.0 -1 -1
80 35.0 -1 -1
79 34.0 -1 -1
78 33.0 -1 -1
77 32.0 -1 -1
76 31.0 -1 -1
75 30.0 -1 -1
74 29.0 -1 -1
73 28.0 -1 -1
72 27.0 -1 -1
71 26.0 -1 -1
70 25.0 -1 -1
69 24.0 -1 -1
68 23.0 -1 -1
67 22.0 -1 -1
66 21.0 -1 -1
65 20.0 -1 -1
64 19.0 -1 -1
63 18.0 -1 -1
62 17.0 -1 -1
61 16.0 -1 -1
60 15.0 -1 -1
59 14.0 -1 -1
58 13.0 -1 -1
57 12.0 -1 -1
56 11.0 -1 -1
55 10.0 -1 -1
54 9.0 -1 -1
53 8.0 -1 -1
52 7.0 -1 -1
51 6.0 -1 -1
50 5.0 -1 -1
49 5.0 -1 1
48 6.0 -1 1
47 7.0 -1 1
46 8.0 -1 1
45 9.0 -1 1
44 10.0 -1 1
43 11.0 -1 1
42 12.0 -1 1
41 13.0 -1 1
40 14.0 -1 1
39 15.0 -1 1
38 16.0 -1 1
37 16.0 -1 -1
36 15.0 -1 -1
35 14.0 -1 -1
34 13.0 -1 -1
33 12.0 -1 -1
32 11.0 -1 -1
31 10.0 -1 -1
30 9.0 -1 -1
29 8.0 -1 -1
28 7.0 -1 -1
27 6.0 -1 -1
26 5.0 -1 -1
25 5.0 -1 1
24 6.0 -1 1
23 7.0 -1 1
22 8.0 -1 1
21 9.0 -1 1
20 10.0 -1 1
19 11.0 -1 1
18 12.0 -1 1
17 13.0 -1 1
16 14.0 -1 1
15 15.0 -1 1
14 16.0 -1 1
13 16.0 -1 -1
12 15.0 -1 -1
11 14.0 -1 -1
10 13.0 -1 -1
9 12.0 -1 -1
8 11.0 -1 -1
7 10.0 -1 -1
6 9.0 -1 -1
5 8.0 -1 -1
4 7.0 -1 -1
3 6.0 -1 -1
2 5.0 -1 -1
1 5.0 -1 1
1.0 6.0 1 1
2.0 7.0 1 1
3.0 8.0 1 1
4.0 9.0 1 1
5.0 10.0 1 1
6.0 11.0 1 1
7.0 12.0 1 1
8.0 13.0 1 1
9.0 14.0 1 1
10.0 15.0 1 1
11.0 16.0 1 1
12.0 16.0 1 -1
13.0 15.0 1 -1
14.0 14.0 1 -1
15.0 13.0 1 -1
16.0 12.0 1 -1
17.0 11.0 1 -1
18.0 10.0 1 -1
19.0 9.0 1 -1
20.0 8.0 1 -1
21.0 7.0 1 -1
22.0 6.0 1 -1
23.0 5.0 1 -1
24.0 5.0 1 1
25.0 6.0 1 1
26.0 7.0 1 1
27.0 8.0 1 1
28.0 9.0 1 1
29.0 10.0 1 1
30.0 11.0 1 1
31.0 12.0 1 1
32.0 13.0 1 1
33.0 14.0 1 1
34.0 15.0 1 1
35.0 16.0 1 1
36.0 16.0 1 -1
37.0 15.0 1 -1
38.0 14.0 1 -1
39.0 13.0 1 -1
40.0 12.0 1 -1
41.0 11.0 1 -1
42.0 10.0 1 -1
43.0 9.0 1 -1
44.0 8.0 1 -1
45.0 7.0 1 -1
46.0 6.0 1 -1
47.0 5.0 1 -1
48.0 5.0 1 1
49.0 6.0 1 1
50.0 7.0 1 1
51.0 8.0 1 1
52.0 9.0 1 1
53.0 10.0 1 1
54.0 11.0 1 1
55.0 12.0 1 1
56.0 13.0 1 1
57.0 14.0 1 1
58.0 15.0 1 1
59.0 16.0 1 1
60.0 16.0 1 -1
61.0 15.0 1 -1
62.0 14.0 1 -1
63.0 13.0 1 -1
64.0 12.0 1 -1
65.0 11.0 1 -1
66.0 10.0 1 -1
67.0 9.0 1 -1
68.0 8.0 1 -1
69.0 7.0 1 -1
70.0 6.0 1 -1
71.0 5.0 1 -1
72.0 5.0 1 1
73.0 6.0 1 1
74.0 7.0 1 1
75.0 8.0 1 1
76.0 9.0 1 1
77.0 10.0 1 1
78.0 11.0 1 1
79.0 12.0 1 1
80.0 13.0 1 1
81.0 14.0 1 1
82.0 15.0 1 1
83.0 16.0 1 1
84.0 17.0 1 1
85.0 18.0 1 1
85.0 19.0 -1 1
84.0 20.0 -1 1
83.0 21.0 -1 1
82.0 22.0 -1 1
81.0 23.0 -1 1
80.0 24.0 -1 1
79.0 25.0 -1 1
78.0 26.0 -1 1
77.0 27.0 -1 1
76.0 28.0 -1 1
75.0 29.0 -1 1
74.0 30.0 -1 1
73.0 31.0 -1 1
72.0 32.0 -1 1
71.0 33.0 -1 1
70.0 34.0 -1 1
69.0 35.0 -1 1
68.0 36.0 -1 1
before coll = 68.0 36.0 67.0 37.0 68 37
OFFSET = -1.0
after coll = 67.0 36.5 67.0 36.0 68 37
67.0 36.0 -2.0 -1
65.0 35.0 -2.0 -1
63.0 34.0 -2.0 -1
61.0 33.0 -2.0 -1
59.0 32.0 -2.0 -1
57.0 31.0 -2.0 -1
55.0 30.0 -2.0 -1
53.0 29.0 -2.0 -1
51.0 28.0 -2.0 -1
49.0 27.0 -2.0 -1
47.0 26.0 -2.0 -1
45.0 25.0 -2.0 -1
43.0 24.0 -2.0 -1
41.0 23.0 -2.0 -1
39.0 22.0 -2.0 -1
37.0 21.0 -2.0 -1
35.0 20.0 -2.0 -1
33.0 19.0 -2.0 -1
31.0 19.0 -2.0 1
29.0 20.0 -2.0 1
27.0 21.0 -2.0 1
25.0 22.0 -2.0 1
23.0 23.0 -2.0 1
21.0 24.0 -2.0 1
19.0 25.0 -2.0 1
17.0 26.0 -2.0 1
15.0 27.0 -2.0 1
13.0 28.0 -2.0 1
11.0 29.0 -2.0 1
9.0 30.0 -2.0 1
7.0 31.0 -2.0 1
5.0 32.0 -2.0 1
3.0 33.0 -2.0 1
1.0 34.0 -2.0 1
2.0 35.0 2.0 1
4.0 36.0 2.0 1
6.0 37.0 2.0 1
8.0 38.0 2.0 1
10.0 39.0 2.0 1
lives = 2
65 34 0 1
65 34 0 1
65 34 0 1
65 34 0 1
65 34 0 1
65 34 0 1
65 34 0 1
65 34 0 1
65 34 0 1
65 34 0 1
65 34 0 1
65 34 0 1
65 34 0 1
65 34 0 1
65 34 0 1
65 34 0 1
65 34 0 1
65 34 0 1
65 34 0 1
65 34 0 1
lives = 3
65 34 0 1
65 34 0 1
65 34 0 1
65 34 0 1
65 35 0 1
65 36 0 1
before coll = 65 36 65 37 65 37
OFFSET = 0
after coll = 65 36.5 65 36.0 65 37
65 36.0 0 -1
65 35.0 0 -1
65 34.0 0 -1
65 33.0 0 -1
65 32.0 0 -1
65 31.0 0 -1
65 30.0 0 -1
65 29.0 0 -1
65 28.0 0 -1
65 27.0 0 -1
65 26.0 0 -1
65 25.0 0 -1
65 24.0 0 -1
65 23.0 0 -1
65 22.0 0 -1
65 21.0 0 -1
65 20.0 0 -1
65 19.0 0 -1
65 19.0 0 1
65 20.0 0 1
65 21.0 0 1
65 22.0 0 1
65 23.0 0 1
65 24.0 0 1
65 25.0 0 1
65 26.0 0 1
65 27.0 0 1
65 28.0 0 1
65 29.0 0 1
65 30.0 0 1
65 31.0 0 1
65 32.0 0 1
65 33.0 0 1
65 34.0 0 1
65 35.0 0 1
65 36.0 0 1
before coll = 65 36.0 65 37.0 65 37
OFFSET = 0
after coll = 65 36.5 65 36.0 65 37
65 36.0 0 -1
65 35.0 0 -1
65 34.0 0 -1
65 33.0 0 -1
65 32.0 0 -1
65 31.0 0 -1
65 30.0 0 -1
65 29.0 0 -1
65 28.0 0 -1
65 27.0 0 -1
65 26.0 0 -1
65 25.0 0 -1
65 24.0 0 -1
65 23.0 0 -1
65 22.0 0 -1
65 21.0 0 -1
65 20.0 0 -1
65 19.0 0 -1
65 18.0 0 -1
65 18.0 0 1
65 19.0 0 1
65 20.0 0 1
65 21.0 0 1
65 22.0 0 1
65 23.0 0 1
65 24.0 0 1
65 25.0 0 1
65 26.0 0 1
65 27.0 0 1
65 28.0 0 1
65 29.0 0 1
65 30.0 0 1
65 31.0 0 1
65 32.0 0 1
65 33.0 0 1
65 34.0 0 1
65 35.0 0 1
65 36.0 0 1
before coll = 65 36.0 65 37.0 66 37
OFFSET = -1
after coll = 65 36.5 65 36.0 66 37
65 36.0 -1 -1
65 36.0 -1 -1
65 36.0 -1 -1
65 36.0 -1 -1
65 36.0 -1 -1
67 36.0 -1 -1
70 36.0 -1 -1
74 36.0 -1 -1
77 36.0 -1 -1
81 36.0 -1 -1
83 36.0 -1 -1
83 36.0 -1 -1
82 36.0 -1 -1
82 36.0 -1 -1
82 36.0 -1 -1
82 36.0 -1 -1
82 36.0 -1 -1
82 36.0 -1 -1
82 36.0 -1 -1
82 36.0 -1 -1
82 36.0 -1 -1
82 36.0 -1 -1
82 36.0 -1 -1
81 35.0 -1 -1
80 34.0 -1 -1
79 33.0 -1 -1
78 32.0 -1 -1
77 31.0 -1 -1
76 30.0 -1 -1
75 29.0 -1 -1
74 28.0 -1 -1
73 27.0 -1 -1
72 26.0 -1 -1
71 25.0 -1 -1
70 24.0 -1 -1
69 23.0 -1 -1
68 22.0 -1 -1
67 21.0 -1 -1
66 20.0 -1 -1
65 19.0 -1 -1
64 18.0 -1 -1
63 18.0 -1 1
62 19.0 -1 1
61 20.0 -1 1
60 21.0 -1 1
59 22.0 -1 1
58 23.0 -1 1
57 24.0 -1 1
56 25.0 -1 1
55 26.0 -1 1
54 27.0 -1 1
53 28.0 -1 1
52 29.0 -1 1
51 30.0 -1 1
50 31.0 -1 1
49 32.0 -1 1
48 33.0 -1 1
47 34.0 -1 1
46 35.0 -1 1
45 36.0 -1 1
before coll = 45 36.0 44 37.0 43 37
OFFSET = 1.0
after coll = 44.0 36.5 44 36.0 43 37
44 36.0 0.0 -1
44.0 36.0 0.0 -1
44.0 36.0 0.0 -1
44.0 36.0 0.0 -1
44.0 36.0 0.0 -1
45.0 36.0 0.0 -1
45.0 36.0 0.0 -1
45.0 36.0 0.0 -1
45.0 36.0 0.0 -1
45.0 36.0 0.0 -1
48.0 36.0 0.0 -1
52.0 36.0 0.0 -1
55.0 36.0 0.0 -1
58.0 36.0 0.0 -1
61.0 36.0 0.0 -1
62.0 36.0 0.0 -1
62.0 36.0 0.0 -1
61.0 36.0 0.0 -1
61.0 36.0 0.0 -1
61.0 36.0 0.0 -1
61.0 36.0 0.0 -1
60.0 36.0 0.0 -1
57.0 36.0 0.0 -1
56.0 36.0 0.0 -1
56.0 36.0 0.0 -1
56.0 36.0 0.0 -1
56.0 36.0 0.0 -1
56.0 36.0 0.0 -1
56.0 36.0 0.0 -1
56.0 36.0 0.0 -1
56.0 36.0 0.0 -1
56.0 36.0 0.0 -1
56.0 36.0 0.0 -1
56.0 36.0 0.0 -1
56.0 36.0 0.0 -1
56.0 36.0 0.0 -1
56.0 36.0 0.0 -1
56.0 35.0 0.0 -1
56.0 34.0 0.0 -1
56.0 33.0 0.0 -1
56.0 32.0 0.0 -1
56.0 31.0 0.0 -1
56.0 30.0 0.0 -1
56.0 29.0 0.0 -1
56.0 28.0 0.0 -1
56.0 27.0 0.0 -1
56.0 26.0 0.0 -1
56.0 25.0 0.0 -1
56.0 24.0 0.0 -1
56.0 23.0 0.0 -1
56.0 22.0 0.0 -1
56.0 21.0 0.0 -1
56.0 20.0 0.0 -1
56.0 19.0 0.0 -1
56.0 19.0 0.0 1
56.0 20.0 0.0 1
56.0 21.0 0.0 1
56.0 22.0 0.0 1
56.0 23.0 0.0 1
56.0 24.0 0.0 1
56.0 25.0 0.0 1
56.0 26.0 0.0 1
56.0 27.0 0.0 1
56.0 28.0 0.0 1
56.0 29.0 0.0 1
56.0 30.0 0.0 1
56.0 31.0 0.0 1
56.0 32.0 0.0 1
56.0 33.0 0.0 1
56.0 34.0 0.0 1
56.0 35.0 0.0 1
56.0 36.0 0.0 1
before coll = 56.0 36.0 56.0 37.0 55 37
OFFSET = 1.0
after coll = 56.0 36.5 56.0 36.0 55 37
56.0 36.0 1.0 -1
56.0 36.0 1.0 -1
55.0 36.0 1.0 -1
55.0 36.0 1.0 -1
55.0 36.0 1.0 -1
55.0 36.0 1.0 -1
55.0 36.0 1.0 -1
52.0 36.0 1.0 -1
49.0 36.0 1.0 -1
46.0 36.0 1.0 -1
43.0 36.0 1.0 -1
42.0 36.0 1.0 -1
43.0 35.0 1.0 -1
44.0 34.0 1.0 -1
45.0 33.0 1.0 -1
46.0 32.0 1.0 -1
47.0 31.0 1.0 -1
48.0 30.0 1.0 -1
49.0 29.0 1.0 -1
50.0 28.0 1.0 -1
51.0 27.0 1.0 -1
52.0 26.0 1.0 -1
53.0 25.0 1.0 -1
54.0 24.0 1.0 -1
55.0 23.0 1.0 -1
56.0 22.0 1.0 -1
57.0 21.0 1.0 -1
58.0 20.0 1.0 -1
59.0 19.0 1.0 -1
60.0 18.0 1.0 -1
61.0 18.0 1.0 1
62.0 19.0 1.0 1
63.0 20.0 1.0 1
64.0 21.0 1.0 1
65.0 22.0 1.0 1
66.0 23.0 1.0 1
67.0 24.0 1.0 1
68.0 25.0 1.0 1
69.0 26.0 1.0 1
70.0 27.0 1.0 1
71.0 28.0 1.0 1
72.0 29.0 1.0 1
73.0 30.0 1.0 1
74.0 31.0 1.0 1
75.0 32.0 1.0 1
76.0 33.0 1.0 1
77.0 34.0 1.0 1
78.0 35.0 1.0 1
79.0 36.0 1.0 1
before coll = 79.0 36.0 80.0 37.0 81 37
OFFSET = -1.0
after coll = 80.0 36.5 80.0 36.0 81 37
80.0 36.0 0.0 -1
80.0 35.0 0.0 -1
80.0 34.0 0.0 -1
80.0 33.0 0.0 -1
80.0 32.0 0.0 -1
80.0 31.0 0.0 -1
80.0 30.0 0.0 -1
80.0 29.0 0.0 -1
80.0 28.0 0.0 -1
80.0 27.0 0.0 -1
80.0 26.0 0.0 -1
80.0 25.0 0.0 -1
80.0 24.0 0.0 -1
80.0 23.0 0.0 -1
80.0 22.0 0.0 -1
80.0 21.0 0.0 -1
80.0 20.0 0.0 -1
80.0 19.0 0.0 -1
80.0 19.0 0.0 1
80.0 20.0 0.0 1
80.0 21.0 0.0 1
80.0 22.0 0.0 1
80.0 23.0 0.0 1
80.0 24.0 0.0 1
80.0 25.0 0.0 1
80.0 26.0 0.0 1
80.0 27.0 0.0 1
80.0 28.0 0.0 1
80.0 29.0 0.0 1
80.0 30.0 0.0 1
80.0 31.0 0.0 1
80.0 32.0 0.0 1
80.0 33.0 0.0 1
80.0 34.0 0.0 1
80.0 35.0 0.0 1
80.0 36.0 0.0 1
before coll = 80.0 36.0 80.0 37.0 81 37
OFFSET = -1.0
after coll = 80.0 36.5 80.0 36.0 81 37
80.0 36.0 -1.0 -1
79.0 35.0 -1.0 -1
78.0 34.0 -1.0 -1
77.0 33.0 -1.0 -1
76.0 32.0 -1.0 -1
75.0 31.0 -1.0 -1
74.0 30.0 -1.0 -1
73.0 29.0 -1.0 -1
72.0 28.0 -1.0 -1
71.0 27.0 -1.0 -1
70.0 26.0 -1.0 -1
69.0 25.0 -1.0 -1
68.0 24.0 -1.0 -1
67.0 23.0 -1.0 -1
66.0 22.0 -1.0 -1
65.0 21.0 -1.0 -1
64.0 20.0 -1.0 -1
63.0 19.0 -1.0 -1
62.0 18.0 -1.0 -1
61.0 17.0 -1.0 -1
61.0 16.0 1.0 -1
62.0 15.0 1.0 -1
63.0 14.0 1.0 -1
64.0 13.0 1.0 -1
65.0 12.0 1.0 -1
66.0 11.0 1.0 -1
67.0 10.0 1.0 -1
68.0 9.0 1.0 -1
69.0 8.0 1.0 -1
70.0 7.0 1.0 -1
71.0 6.0 1.0 -1
72.0 5.0 1.0 -1
73.0 5.0 1.0 1
74.0 6.0 1.0 1
75.0 7.0 1.0 1
76.0 8.0 1.0 1
77.0 9.0 1.0 1
78.0 10.0 1.0 1
79.0 11.0 1.0 1
80.0 12.0 1.0 1
81.0 13.0 1.0 1
82.0 14.0 1.0 1
83.0 15.0 1.0 1
84.0 16.0 1.0 1
85.0 16.0 1.0 -1
86.0 15.0 1.0 -1
87.0 14.0 1.0 -1
88.0 13.0 1.0 -1
89.0 12.0 1.0 -1
90.0 11.0 1.0 -1
91.0 10.0 1.0 -1
92.0 9.0 1.0 -1
93.0 8.0 1.0 -1
94.0 7.0 1.0 -1
95.0 6.0 1.0 -1
96.0 5.0 1.0 -1
97.0 5.0 1.0 1
98.0 6.0 1.0 1
99.0 7.0 1.0 1
100.0 8.0 1.0 1
101.0 9.0 1.0 1
102.0 10.0 1.0 1
103.0 11.0 1.0 1
104.0 12.0 1.0 1
105.0 13.0 1.0 1
106.0 14.0 1.0 1
107.0 15.0 1.0 1
108.0 16.0 1.0 1
109.0 16.0 1.0 -1
110.0 15.0 1.0 -1
111.0 14.0 1.0 -1
112.0 13.0 1.0 -1
113.0 12.0 1.0 -1
114.0 11.0 1.0 -1
115.0 10.0 1.0 -1
116.0 9.0 1.0 -1
117.0 8.0 1.0 -1
118.0 7.0 1.0 -1
119.0 6.0 1.0 -1
120.0 5.0 1.0 -1
121.0 5.0 1.0 1
122.0 6.0 1.0 1
123.0 7.0 1.0 1
124.0 8.0 1.0 1
125.0 9.0 1.0 1
126.0 10.0 1.0 1
127.0 11.0 1.0 1
128.0 12.0 1.0 1
128.0 13.0 -1.0 1
127.0 14.0 -1.0 1
126.0 15.0 -1.0 1
125.0 16.0 -1.0 1
124.0 17.0 -1.0 1
123.0 18.0 -1.0 1
122.0 19.0 -1.0 1
121.0 20.0 -1.0 1
120.0 21.0 -1.0 1
119.0 22.0 -1.0 1
118.0 23.0 -1.0 1
117.0 24.0 -1.0 1
116.0 25.0 -1.0 1
115.0 26.0 -1.0 1
114.0 27.0 -1.0 1
113.0 28.0 -1.0 1
112.0 29.0 -1.0 1
111.0 30.0 -1.0 1
110.0 31.0 -1.0 1
109.0 32.0 -1.0 1
108.0 33.0 -1.0 1
107.0 34.0 -1.0 1
106.0 35.0 -1.0 1
105.0 36.0 -1.0 1
104.0 37.0 -1.0 1
103.0 38.0 -1.0 1
102.0 39.0 -1.0 1
lives = 2
65 34 0 1
65 34 0 1
65 34 0 1
65 34 0 1
65 34 0 1
65 34 0 1
65 34 0 1
65 34 0 1
65 34 0 1
65 34 0 1
65 34 0 1
65 34 0 1
65 34 0 1
65 34 0 1
65 34 0 1
65 34 0 1
65 34 0 1
lives = 3
65 34 0 1
65 34 0 1
65 34 0 1
65 34 0 1
65 34 0 1
65 34 0 1
65 34 0 1
65 34 0 1
65 34 0 1
65 34 0 1
65 35 0 1
65 36 0 1
before coll = 65 36 65 37 65 37
OFFSET = 0
after coll = 65 36.5 65 36.0 65 37
65 36.0 0 -1
65 35.0 0 -1
65 34.0 0 -1
65 33.0 0 -1
65 32.0 0 -1
65 31.0 0 -1
65 30.0 0 -1
65 29.0 0 -1
65 28.0 0 -1
65 27.0 0 -1
65 26.0 0 -1
65 25.0 0 -1
65 24.0 0 -1
65 23.0 0 -1
65 22.0 0 -1
65 21.0 0 -1
65 20.0 0 -1
65 19.0 0 -1
65 19.0 0 1
65 20.0 0 1
65 21.0 0 1
65 22.0 0 1
65 23.0 0 1
65 24.0 0 1
65 25.0 0 1
65 26.0 0 1
65 27.0 0 1
65 28.0 0 1
65 29.0 0 1
65 30.0 0 1
65 31.0 0 1
65 32.0 0 1
65 33.0 0 1
65 34.0 0 1
65 35.0 0 1
65 36.0 0 1
before coll = 65 36.0 65 37.0 65 37
OFFSET = 0
after coll = 65 36.5 65 36.0 65 37
65 36.0 0 -1
65 35.0 0 -1
65 34.0 0 -1
65 33.0 0 -1
65 32.0 0 -1
65 31.0 0 -1
65 30.0 0 -1
65 29.0 0 -1
65 28.0 0 -1
65 27.0 0 -1
65 26.0 0 -1
65 25.0 0 -1
65 24.0 0 -1
65 23.0 0 -1
65 22.0 0 -1
65 21.0 0 -1
65 20.0 0 -1
65 19.0 0 -1
65 18.0 0 -1
65 18.0 0 1
65 19.0 0 1
65 20.0 0 1
65 21.0 0 1
65 22.0 0 1
65 23.0 0 1
65 24.0 0 1
65 25.0 0 1
65 26.0 0 1
65 27.0 0 1
65 28.0 0 1
65 29.0 0 1
65 30.0 0 1
65 31.0 0 1
65 32.0 0 1
65 33.0 0 1
65 34.0 0 1
65 35.0 0 1
65 36.0 0 1
before coll = 65 36.0 65 37.0 65 37
OFFSET = 0
after coll = 65 36.5 65 36.0 65 37
65 36.0 0 -1
65 36.0 0 -1
65 36.0 0 -1
65 36.0 0 -1
65 36.0 0 -1
65 36.0 0 -1
65 36.0 0 -1
65 36.0 0 -1
65 36.0 0 -1
65 35.0 0 -1
65 34.0 0 -1
65 33.0 0 -1
65 32.0 0 -1
65 31.0 0 -1
65 30.0 0 -1
65 29.0 0 -1
65 28.0 0 -1
65 27.0 0 -1
65 26.0 0 -1
65 25.0 0 -1
65 24.0 0 -1
65 23.0 0 -1
65 22.0 0 -1
65 21.0 0 -1
65 20.0 0 -1
65 19.0 0 -1
65 18.0 0 -1
65 18.0 0 1
65 19.0 0 1
65 20.0 0 1
65 21.0 0 1
65 22.0 0 1
65 23.0 0 1
65 24.0 0 1
65 25.0 0 1
65 26.0 0 1
65 27.0 0 1
65 28.0 0 1
65 29.0 0 1
65 30.0 0 1
65 31.0 0 1
65 32.0 0 1
65 33.0 0 1
65 34.0 0 1
65 35.0 0 1
65 36.0 0 1
before coll = 65 36.0 65 37.0 65 37
OFFSET = 0
after coll = 65 36.5 65 36.0 65 37
65 36.0 0 -1
65 36.0 0 -1
65 36.0 0 -1
65 36.0 0 -1
65 36.0 0 -1
65 36.0 0 -1
65 36.0 0 -1
65 36.0 0 -1
65 36.0 0 -1
65 36.0 0 -1
65 36.0 0 -1
65 36.0 0 -1
65 36.0 0 -1
65 36.0 0 -1
65 36.0 0 -1
65 36.0 0 -1
65 36.0 0 -1
65 36.0 0 -1
65 36.0 0 -1
65 36.0 0 -1
65 36.0 0 -1
65 36.0 0 -1
65 36.0 0 -1
65 36.0 0 -1
65 36.0 0 -1
65 36.0 0 -1
65 36.0 0 -1
65 36.0 0 -1
65 36.0 0 -1
65 36.0 0 -1
65 36.0 0 -1
65 36.0 0 -1
65 36.0 0 -1
65 36.0 0 -1
65 36.0 0 -1
65 36.0 0 -1
65 36.0 0 -1
65 36.0 0 -1
65 36.0 0 -1
65 36.0 0 -1
65 36.0 0 -1
65 36.0 0 -1
65 36.0 0 -1
65 35.0 0 -1
65 34.0 0 -1
65 33.0 0 -1
65 32.0 0 -1
65 31.0 0 -1
65 30.0 0 -1
65 29.0 0 -1
65 28.0 0 -1
65 27.0 0 -1
65 26.0 0 -1
lives = 3
65 34 0 1
65 34 0 1
65 34 0 1
65 35 0 1
65 36 0 1
before coll = 65 36 65 37 65 37
OFFSET = 0
after coll = 65 36.5 65 36.0 65 37
65 36.0 0 -1
65 35.0 0 -1
65 34.0 0 -1
65 33.0 0 -1
65 32.0 0 -1
65 31.0 0 -1
65 30.0 0 -1
65 29.0 0 -1
65 28.0 0 -1
65 27.0 0 -1
65 26.0 0 -1
65 25.0 0 -1
65 24.0 0 -1
65 23.0 0 -1
65 22.0 0 -1
65 21.0 0 -1
65 20.0 0 -1
65 19.0 0 -1
65 19.0 0 1
65 20.0 0 1
65 21.0 0 1
65 22.0 0 1
65 23.0 0 1
65 24.0 0 1
65 25.0 0 1
65 26.0 0 1
65 27.0 0 1
65 28.0 0 1
65 29.0 0 1
65 30.0 0 1
65 31.0 0 1
65 32.0 0 1
65 33.0 0 1
65 34.0 0 1
65 35.0 0 1
65 36.0 0 1
before coll = 65 36.0 65 37.0 65 37
OFFSET = 0
after coll = 65 36.5 65 36.0 65 37
65 36.0 0 -1
65 35.0 0 -1
65 34.0 0 -1
65 33.0 0 -1
65 32.0 0 -1
65 31.0 0 -1
65 30.0 0 -1
65 29.0 0 -1
65 28.0 0 -1
65 27.0 0 -1
65 26.0 0 -1
65 25.0 0 -1
65 24.0 0 -1
65 23.0 0 -1
65 22.0 0 -1
65 21.0 0 -1
65 20.0 0 -1
65 19.0 0 -1
65 18.0 0 -1
65 18.0 0 1
65 19.0 0 1
65 20.0 0 1
65 21.0 0 1
65 22.0 0 1
65 23.0 0 1
65 24.0 0 1
65 25.0 0 1
65 26.0 0 1
65 27.0 0 1
65 28.0 0 1
65 29.0 0 1
65 30.0 0 1
65 31.0 0 1
65 32.0 0 1
65 33.0 0 1
65 34.0 0 1
65 35.0 0 1
65 36.0 0 1
before coll = 65 36.0 65 37.0 65 37
OFFSET = 0
after coll = 65 36.5 65 36.0 65 37
65 36.0 0 -1
65 36.0 0 -1
65 36.0 0 -1
65 36.0 0 -1
65 36.0 0 -1
65 36.0 0 -1
65 35.0 0 -1
65 34.0 0 -1
65 33.0 0 -1
65 32.0 0 -1
65 31.0 0 -1
65 30.0 0 -1
65 29.0 0 -1
65 28.0 0 -1
65 27.0 0 -1
65 26.0 0 -1
65 25.0 0 -1
65 24.0 0 -1
65 23.0 0 -1
65 22.0 0 -1
65 21.0 0 -1
65 20.0 0 -1
65 19.0 0 -1
65 18.0 0 -1
65 18.0 0 1
65 19.0 0 1
65 20.0 0 1
65 21.0 0 1
65 22.0 0 1
65 23.0 0 1
65 24.0 0 1
65 25.0 0 1
65 26.0 0 1
65 27.0 0 1
65 28.0 0 1
65 29.0 0 1
65 30.0 0 1
65 31.0 0 1
65 32.0 0 1
65 33.0 0 1
65 34.0 0 1
65 35.0 0 1
65 36.0 0 1
before coll = 65 36.0 65 37.0 65 37
OFFSET = 0
after coll = 65 36.5 65 36.0 65 37
65 36.0 0 -1
65 36.0 0 -1
65 36.0 0 -1
65 36.0 0 -1
65 35.0 0 -1
65 34.0 0 -1
65 33.0 0 -1
65 32.0 0 -1
65 31.0 0 -1
65 30.0 0 -1
65 29.0 0 -1
65 28.0 0 -1
65 27.0 0 -1
65 26.0 0 -1
65 25.0 0 -1
65 24.0 0 -1
65 23.0 0 -1
65 22.0 0 -1
65 21.0 0 -1
65 20.0 0 -1
65 19.0 0 -1
65 18.0 0 -1
65 17.0 0 -1
65 16.0 0 -1
65 15.0 0 -1
65 14.0 0 -1
65 13.0 0 -1
65 12.0 0 -1
65 11.0 0 -1
65 10.0 0 -1
65 9.0 0 -1
65 8.0 0 -1
65 7.0 0 -1
65 6.0 0 -1
65 5.0 0 -1
65 5.0 0 1
65 6.0 0 1
65 7.0 0 1
65 8.0 0 1
65 9.0 0 1
65 10.0 0 1
65 11.0 0 1
65 12.0 0 1
65 13.0 0 1
65 14.0 0 1
65 15.0 0 1
65 16.0 0 1
65 17.0 0 1
65 18.0 0 1
65 19.0 0 1
65 20.0 0 1
65 21.0 0 1
65 22.0 0 1
65 23.0 0 1
65 24.0 0 1
65 25.0 0 1
65 26.0 0 1
65 27.0 0 1
65 28.0 0 1
65 29.0 0 1
65 30.0 0 1
65 31.0 0 1
65 32.0 0 1
65 33.0 0 1
65 34.0 0 1
65 35.0 0 1
65 36.0 0 1
before coll = 65 36.0 65 37.0 65 37
OFFSET = 0
after coll = 65 36.5 65 36.0 65 37
65 36.0 0 -1
65 36.0 0 -1
65 36.0 0 -1
65 36.0 0 -1
65 36.0 0 -1
65 36.0 0 -1
65 36.0 0 -1
65 36.0 0 -1
65 36.0 0 -1
65 36.0 0 -1
65 36.0 0 -1
65 36.0 0 -1
65 36.0 0 -1
65 36.0 0 -1
65 36.0 0 -1
65 36.0 0 -1
65 36.0 0 -1
65 36.0 0 -1
65 36.0 0 -1
65 36.0 0 -1
65 36.0 0 -1
65 36.0 0 -1
65 36.0 0 -1
65 36.0 0 -1
65 36.0 0 -1
65 36.0 0 -1
65 36.0 0 -1
65 36.0 0 -1
65 36.0 0 -1
65 36.0 0 -1
65 36.0 0 -1
65 36.0 0 -1
65 36.0 0 -1
65 36.0 0 -1
65 36.0 0 -1
65 36.0 0 -1
65 36.0 0 -1
65 36.0 0 -1
65 36.0 0 -1
65 36.0 0 -1
65 36.0 0 -1
65 36.0 0 -1
65 36.0 0 -1
65 36.0 0 -1
65 36.0 0 -1
65 36.0 0 -1
65 36.0 0 -1
65 35.0 0 -1
65 34.0 0 -1
65 33.0 0 -1
65 32.0 0 -1
65 31.0 0 -1
65 30.0 0 -1
65 29.0 0 -1
65 28.0 0 -1
65 27.0 0 -1
65 26.0 0 -1
65 25.0 0 -1
65 24.0 0 -1
65 23.0 0 -1
65 22.0 0 -1
65 21.0 0 -1
65 20.0 0 -1
65 19.0 0 -1
65 18.0 0 -1
65 17.0 0 -1
65 16.0 0 -1
65 15.0 0 -1
65 14.0 0 -1
65 13.0 0 -1
65 12.0 0 -1
65 11.0 0 -1
65 10.0 0 -1
65 9.0 0 -1
65 8.0 0 -1
65 7.0 0 -1
65 6.0 0 -1
65 5.0 0 -1
65 5.0 0 1
65 6.0 0 1
65 7.0 0 1
65 8.0 0 1
65 9.0 0 1
65 10.0 0 1
65 11.0 0 1
65 12.0 0 1
65 13.0 0 1
65 14.0 0 1
65 15.0 0 1
65 16.0 0 1
65 17.0 0 1
65 18.0 0 1
65 19.0 0 1
65 20.0 0 1
65 21.0 0 1
65 22.0 0 1
65 23.0 0 1
65 24.0 0 1
65 25.0 0 1
65 26.0 0 1
65 27.0 0 1
65 28.0 0 1
65 29.0 0 1
65 30.0 0 1
65 31.0 0 1
65 32.0 0 1
65 33.0 0 1
65 34.0 0 1
65 35.0 0 1
65 36.0 0 1
before coll = 65 36.0 65 37.0 65 37
OFFSET = 0
after coll = 65 36.5 65 36.0 65 37
65 36.0 0 -1
65 35.0 0 -1
65 34.0 0 -1
65 33.0 0 -1
65 32.0 0 -1
65 31.0 0 -1
65 30.0 0 -1
65 29.0 0 -1
65 28.0 0 -1
65 27.0 0 -1
65 26.0 0 -1
65 25.0 0 -1
65 24.0 0 -1
65 23.0 0 -1
